658

795 324 94
792 331 113
788 340 91
787 164 123
780 204 178
775 206 99
774 318 78
768 295 85
766 165 67
764 98 76
762 293 141
757 115 52
754 250 172
751 48 72
748 31 98
746 16 79
729 68 82
723 351 86
717 300 97
708 191 107
701 75 98
697 226 148
694 350 74
693 201 94
689 47 80
687 141 90
684 166 89
682 46 105
678 161 120
677 101 50
676 231 118
673 211 99
672 307 117
671 233 93
667 269 38
666 130 100
664 184 54
662 241 198
660 303 50
657 123 48
655 102 42
654 168 94
642 268 77
636 332 173
635 71 89
633 299 78
618 170 137
612 152 79
607 78 93
602 97 26
598 230 164
592 264 80
591 39 87
580 23 75
577 186 67
575 38 48
569 20 57
568 131 86
566 221 87
564 308 53
560 266 108
559 121 96
557 325 163
553 339 102
549 257 58
546 24 110
544 151 46
526 282 52
522 289 115
519 108 196
515 30 51
512 296 132
509 311 68
508 343 100
507 238 156
506 36 252
500 89 94
488 285 71
486 342 104
478 53 126
473 58 56
462 236 83
460 301 148
459 212 90
458 348 145
456 177 74
453 188 73
449 107 83
436 116 98
435 357 44
432 316 74
428 341 94
425 338 53
421 49 91
417 145 172
416 218 113
413 44 94
407 7 63
404 239 63
403 219 81
395 80 153
393 240 100
389 51 90
381 11 82
380 223 184
378 4 139
377 249 156
371 125 79
369 137 72
368 180 108
365 113 64
349 158 57
342 50 31
340 72 137
339 40 57
336 210 156
335 345 212
333 42 91
329 87 29
326 174 111
319 70 52
311 273 80
309 196 131
308 109 122
306 286 187
300 2 133
293 13 68
291 140 85
289 262 61
287 329 57
286 265 71
284 35 98
281 228 129
280 337 72
278 133 117
273 111 118
272 138 92
256 306 107
255 162 77
254 297 89
253 54 91
250 155 163
243 358 89
240 246 121
236 150 100
235 274 135
234 323 79
224 259 23
222 77 119
220 52 127
217 277 95
215 67 83
214 199 116
213 91 67
209 127 32
197 356 65
190 328 98
189 41 79
178 147 59
173 157 101
172 81 112
157 194 125
155 284 99
154 260 122
144 183 31
140 132 82
133 309 53
131 3 120
121 179 88
115 244 73
107 148 66
101 142 140
93 217 84
82 112 162
79 64 67
68 154 123
62 92 89
60 275 71
54 26 107
49 32 78
47 258 68
44 247 88
42 118 53
35 283 137
34 57 101
33 229 151
32 159 120
27 291 120
25 43 167
21 347 51
19 61 59
15 227 85
9 254 102
9 7 267 23
757 51 298 3
757 759 167 22
333 756 290 38
733 587 76 29
701 702 243 14
240 702 243 3
694 692 37 4
403 688 139 25
635 690 88 6
678 679 214 43
378 661 29 43
253 252 5 13
435 658 202 12
655 653 176 21
272 604 63 13
569 571 56 31
519 520 99 25
319 321 189 18
449 450 135 18
449 783 9 36
432 760 69 28
395 396 192 9
280 797 27 12
273 270 10 15
155 468 270 35
144 143 104 38
60 61 117 3
795 793 100 27
762 51 298 50
754 756 290 35
746 750 19 33
733 36 85 38
217 216 90 42
708 709 319 46
335 702 243 43
428 685 688 139 10
687 207 310 38
82 85 83 172 34
672 457 178 26
300 669 1 42
515 670 22 3
667 668 294 10
657 659 256 26
526 142 73 24
575 374 28 27
531 299 252 24
329 330 354 45
436 514 224 9
512 127 193 18
508 320 104 181 15
319 77 750 19 1
60 375 105 22
340 740 375 105 20
762 620 630 314 29
213 17 349 42
335 476 759 167 19
460 455 215 49
673 74 457 178 19
456 455 215 11
428 784 207 28
377 376 21 35
377 379 103 19
591 28 704 171 13
335 337 338 175 9
333 776 279 43
319 322 209 29
281 282 34 36
220 221 205 34
250 629 704 171 27
68 103 305 25
240 159 287 23
300 536 632 200 9
121 118 263 28
787 786 644 8 7
62 61 117 39
35 37 36 85 24
15 183 102 317 27
792 793 100 41
787 789 84 34
512 244 503 120 34
748 750 19 42
733 738 203 46
733 735 738 203 11
723 722 724 86 6
723 722 725 93 26
723 216 90 17
697 702 243 6
178 779 57 83 24
224 539 320 47
662 663 29 79 12
664 96 208 42
531 315 248 42
654 652 94 23
654 653 176 23
33 262 315 248 9
602 604 63 1
531 533 461 261 26
568 567 352 34
531 231 198 42
636 328 330 354 21
519 283 59 27
507 334 242 3
436 498 6 6
403 498 6 12
787 786 265 330 354 12
462 20 750 19 29
460 457 178 28
443 442 455 215 10
458 457 178 3
443 269 386 292 28
335 338 175 36
336 96 208 25
300 705 704 171 28
214 218 190 16
213 212 272 16
209 207 310 8
9 637 638 65 4
172 170 74 12
172 171 170 74 7
157 159 287 12
342 344 123 253 28
443 440 450 135 12
93 95 18 14
506 6 67 322 28
47 46 335 28
693 521 691 313 21
381 352 374 28 4
673 74 78 514 224 6
9 10 156 35
795 794 82 12
178 160 95 18 7
178 177 245 16
697 502 45 34
780 264 714 128 24
635 715 134 14
697 0 11 149 7
689 688 139 3
684 97 98 222 10
673 674 60 37
667 558 759 167 1
655 312 281 35
636 490 57 83 40
121 605 14 10
140 142 73 6
591 310 95 18 22
93 638 65 36
564 562 12 30
531 532 563 182 23
549 97 98 222 30
544 545 195 25
500 498 6 1
435 375 105 2
308 310 95 18 6
15 18 17 349 8
762 620 627 463 163 1
458 457 455 215 15
21 647 264 714 128 13
787 786 265 264 714 128 3
436 439 251 35
393 397 396 192 31
369 199 600 304 34
349 562 12 4
342 344 341 124 5
319 320 104 181 24
286 260 263 320 104 181 5
311 105 104 181 9
281 283 59 39
280 277 15 9
273 271 95 40
273 221 205 12
272 270 10 38
272 271 95 6
253 249 62 12
365 357 433 110 36
217 81 288 32
101 637 638 65 31
197 195 153 14
47 139 138 137 237 12
68 66 106 34
780 743 776 279 12
708 707 725 93 33
676 73 562 12 4
642 491 492 302 23
531 530 193 194 353 14
506 585 401 169 20
236 410 411 315 40
15 16 463 163 12
443 742 78 514 224 9
788 789 84 17
788 345 213 1
443 440 61 117 4
381 714 128 13
580 791 234 18
693 692 37 2
667 665 668 294 9
580 663 29 79 17
662 252 5 25
311 262 315 248 3
633 120 118 263 7
607 605 14 23
607 142 73 15
115 114 326 6
774 773 114 326 8
62 116 114 326 15
531 533 71 13 344 8
443 514 224 41
618 631 630 314 9
654 652 487 280 6
633 120 455 215 11
287 383 51 298 29
377 376 379 103 11
369 199 195 153 8
278 279 334 242 32
278 277 15 13
121 120 455 215 1
311 105 103 305 19
178 354 624 679 214 6
222 221 205 29
172 587 76 32
121 119 118 263 20
449 452 451 450 135 9
15 102 317 18
82 711 712 70 96 208 4
618 631 67 322 1
32 36 85 1
506 6 164 196 195 153 8
780 743 784 207 24
746 113 112 327 14
787 786 265 411 315 1
506 744 793 100 10
506 744 791 234 21
531 532 784 207 1
82 711 712 70 246 278 15
154 358 434 136 8
333 799 797 27 28
531 530 537 477 398 187 14
300 536 537 477 398 187 9
93 94 95 18 19
189 188 61 117 2
154 358 136 137 237 4
780 743 776 118 263 5
286 260 1 70 246 278 7
25 5 277 15 28
754 755 25 1
754 8 10 156 5
751 177 245 10
416 715 134 5
672 674 60 16
672 216 90 12
300 669 670 22 6
664 315 248 7
21 647 648 271 18
635 13 344 7
607 114 326 26
564 563 182 13
693 402 401 169 30
157 514 224 2
349 596 595 485 355 11
340 651 652 487 280 1
443 484 487 280 24
478 627 463 163 10
453 142 73 15
326 396 192 20
381 383 51 298 5
377 704 171 17
795 344 341 124 3
336 338 175 18
333 334 242 16
287 285 66 18
284 283 59 3
121 120 455 688 139 1
443 447 315 248 8
500 313 315 248 7
633 621 632 200 1
173 170 74 43
287 625 177 245 9
240 241 644 8 24
93 96 208 7
47 46 482 173 4
33 36 85 24
35 37 345 213 7
678 584 789 84 26
340 740 760 69 1
506 6 63 64 333 14
291 534 533 71 13 344 6
549 550 548 547 235 23
506 504 445 503 120 9
500 499 498 6 3
478 477 398 187 22
443 442 391 146 10
172 138 137 237 16
443 444 628 623 64 333 11
443 742 78 70 246 278 4
443 742 78 72 98 222 1
9 207 310 15
774 391 146 12
723 724 86 40
689 690 88 3
687 151 150 225 22
667 482 173 19
657 658 202 12
591 695 255 27
9 8 10 156 3
549 550 547 235 2
531 401 169 6
526 527 185 9
486 485 355 1
486 487 280 12
435 439 251 13
413 415 33 42
404 406 312 31
381 385 197 5
381 783 9 14
365 364 126 31
522 344 341 124 21
764 734 316 315 248 4
220 223 232 34
217 218 190 39
209 208 207 310 6
140 177 245 9
449 452 450 135 11
708 356 210 122 21
378 69 67 322 5
336 446 277 15 1
82 711 299 252 5
751 266 759 167 4
673 74 704 171 11
672 88 89 17 15
672 88 312 281 10
82 85 760 69 4
662 623 64 333 8
500 313 312 281 15
478 627 127 193 29
462 16 463 163 5
425 423 424 724 86 3
326 400 299 252 3
178 354 624 670 22 7
287 625 628 225 690 88 5
642 491 495 492 302 13
443 594 16 463 163 12
178 354 382 385 197 9
792 794 82 34
766 765 276 28
762 761 160 21
723 725 93 6
701 791 234 3
694 345 213 9
254 539 320 20
671 670 22 19
553 551 143 9
549 547 235 17
443 482 173 18
436 437 144 13
154 358 437 144 1
293 295 346 8
336 446 238 249 62 3
642 491 494 493 492 302 10
787 786 620 123 253 2
155 468 123 253 5
121 119 123 253 3
662 745 67 322 7
34 194 353 18
531 532 298 321 14
25 385 197 4
33 191 163 188 61 117 3
478 627 127 732 334 3
512 513 346 345 213 6
676 73 767 295 346 22
754 756 755 25 3
478 412 415 33 8
676 73 104 181 9
178 354 624 627 127 732 334 6
9 8 10 7 267 11
459 455 688 139 8
443 444 776 118 263 11
178 354 399 398 187 1
443 742 78 150 225 1
253 165 195 153 7
213 165 195 153 4
335 168 164 196 195 153 1
197 199 195 153 4
682 681 680 359 22
519 520 518 192 194 353 2
515 516 119 5
512 514 224 4
389 386 292 20
378 379 103 18
342 341 124 6
286 285 66 15
284 282 34 3
240 103 305 5
121 450 135 10
531 231 452 450 135 1
115 644 8 5
335 168 164 210 122 10
27 298 321 29
559 719 721 216 16
173 174 170 74 6
488 346 345 213 7
768 769 295 346 14
9 8 7 267 1
754 753 755 25 25
365 357 709 319 8
443 594 14 12 336 13
459 455 688 690 88 1
507 505 487 280 1
633 621 644 8 11
47 139 137 237 4
121 613 614 755 25 5
443 444 194 353 3
306 307 321 189 1
240 167 164 210 122 6
291 534 533 71 13 12 336 4
286 260 263 320 322 209 3
82 85 626 628 225 690 88 4
694 691 692 37 14
682 680 359 3
506 321 189 21
435 437 144 12
380 379 103 5
250 249 62 17
213 632 200 11
140 141 330 17
33 741 784 207 7
33 37 345 213 8
768 91 270 10 7
654 357 709 319 6
512 552 551 143 1
154 358 444 194 353 4
453 142 141 330 8
197 199 195 185 114 3
506 161 226 797 27 19
618 619 785 783 9 2
82 711 727 726 55 19
93 91 270 10 1
662 745 187 185 114 3
708 707 709 319 8
549 14 12 336 6
335 337 351 362 220 1
657 658 659 256 5
107 108 529 527 185 5
286 260 263 320 321 189 1
531 535 146 680 359 13
506 161 71 13 12 336 6
333 799 798 540 129 3
154 358 585 798 540 129 10
291 534 586 585 798 540 129 1
9 448 207 310 1
774 391 726 55 5
435 439 437 144 1
717 713 185 114 18
693 691 692 37 1
240 167 230 96 8
531 535 590 0 14
754 753 585 798 540 129 11
662 745 211 691 692 37 5
512 552 554 551 143 11
9 448 528 527 185 5
443 484 141 330 5
172 587 590 0 2
612 611 731 732 334 4
33 191 163 517 516 119 5
393 589 590 0 13
657 656 659 256 4
