265

297 78 183
296 128 99
292 37 97
291 44 129
289 75 59
285 87 66
284 66 55
281 85 130
279 114 61
278 54 92
273 89 91
269 50 77
259 108 52
257 38 96
255 68 101
254 115 94
252 3 157
250 1 84
236 76 90
232 86 101
231 31 129
223 120 107
217 64 68
213 81 69
199 133 86
197 51 86
193 130 19
190 24 66
187 36 160
186 109 54
185 26 45
183 4 78
182 42 169
180 23 111
177 100 214
173 98 43
170 113 76
166 34 94
153 29 135
151 18 152
140 21 277
133 10 57
132 0 100
127 119 166
118 107 82
112 110 119
108 9 63
107 25 59
92 33 112
89 30 162
81 69 91
79 129 56
77 41 134
73 116 56
70 125 75
59 27 130
57 57 99
51 5 76
46 121 112
41 117 87
38 13 140
37 19 156
35 58 31
33 65 83
30 101 53
20 105 111
18 122 60
15 35 117
11 49 161
8 102 83
297 24 112 38
273 274 91 38
269 270 43 31
231 228 82 15
200 175 72 43
112 238 88 1
193 191 124 11
186 93 90 16
127 155 40 32
140 143 8 39
127 124 99 47
108 208 123 6
46 49 84 32
92 56 67 49
15 44 46 29
35 34 103 49
173 299 118 15
41 299 118 26
281 282 80 27
180 181 62 38
250 248 249 14 15
289 3 229 134 13
291 169 85 96 39
213 215 127 22
217 219 17 21
200 210 208 123 21
79 95 98 97 18
153 155 40 41
132 130 70 31
127 126 32 19
118 113 95 10
81 264 83 35
81 19 47 48
59 58 82 11 6
18 19 47 14
15 163 195 79 9
41 40 39 16 8
38 36 39 16 1
15 16 82 11 2
279 64 124 99 19
254 253 6 41
250 39 16 15
200 85 96 26
200 204 238 88 5
217 214 203 74 63 7
166 27 295 93 8
153 158 73 23
281 241 240 39 31
127 9 157 20 32
112 0 48 92 34
200 262 265 55 11
33 34 103 31
20 36 39 16 28
252 62 17 94 28
11 274 91 7
281 161 135 53 6
127 277 104 38
252 72 12 5
223 221 132 23
217 215 127 22
199 198 24 112 11
187 95 98 97 7
185 188 45 19
200 226 241 240 39 1
77 88 126 39
151 61 69 131 8
296 162 154 44 46 12
183 162 154 44 46 3
296 4 0 48 92 6
30 3 229 134 5
20 264 83 8
15 163 74 63 2
254 65 117 104 61 2
183 162 264 83 12
236 237 60 14
279 277 104 10
257 253 6 3
232 228 82 19
200 31 28 29
199 238 88 39
187 189 74 21
177 178 111 49
108 174 203 74 63 3
133 63 221 132 6
73 72 12 2
57 44 46 21
112 138 123 71 48 92 8
182 262 265 55 12
182 293 9 157 20 9
11 12 56 27
281 105 104 61 39
281 161 136 86 71 7
252 159 158 73 20
213 110 60 249 14 2
46 121 249 14 6
223 201 146 77 15
200 235 237 60 17
200 235 34 103 4
197 260 238 88 29
217 214 198 24 112 11
170 169 85 96 6
46 261 84 85 96 22
151 61 277 104 14
59 58 121 249 14 16
279 181 62 34
187 95 93 90 3
186 188 45 19
185 189 74 12
185 74 63 27
151 154 44 46 1
151 155 40 25
132 240 39 11
183 63 221 132 16
92 87 88 126 23
89 72 12 28
59 272 270 43 4
73 71 48 92 9
30 3 72 12 1
20 263 82 11 24
252 62 219 17 1
250 160 249 14 12
296 4 0 160 249 14 5
281 161 160 249 14 17
213 216 113 95 20
177 122 117 104 61 7
182 262 1 143 8 9
200 226 241 242 7 14
59 205 202 135 53 7
173 171 24 112 5
151 61 120 126 32 19
133 134 105 104 61 7
118 119 117 104 61 9
118 119 115 113 95 3
8 7 1 143 8 3
285 225 235 34 103 5
296 4 0 10 24 112 6
70 146 77 21
250 248 264 83 7
232 202 135 53 17
273 275 84 85 96 4
92 49 84 7
77 76 78 2 21
46 265 55 4
18 17 94 19
182 293 9 115 113 95 9
296 4 104 61 2
200 204 242 7 20
151 154 195 79 15
118 119 135 53 5
213 216 62 219 17 9
15 16 17 94 10
297 298 15 32
296 4 0 10 12 56 7
231 229 134 18
107 221 132 5
70 69 131 31
46 48 92 4
8 7 48 92 1
38 131 130 70 2
118 119 117 115 113 95 5
79 62 219 17 11
20 263 164 48 24
297 299 118 2
296 4 56 67 4
284 237 60 6
281 161 136 135 53 3
281 161 265 55 6
281 146 77 10
279 64 98 97 4
250 251 52 21
232 202 157 20 3
200 205 202 157 20 4
197 184 188 45 6
132 129 130 70 5
118 119 113 95 4
11 9 115 113 95 8
15 163 295 93 24
37 263 164 48 1
38 131 128 130 70 2
46 4 56 67 23
89 99 98 97 7
296 295 93 1
231 85 96 4
77 75 270 43 15
77 78 2 19
183 162 100 207 106 13
166 27 28 23 22 3
200 206 207 106 5
200 205 258 59 13
183 63 86 71 1
112 138 209 208 123 3
133 27 28 23 22 3
133 27 29 28 23 22 10
8 7 1 21 23 22 4
200 218 22 23 22 2
