144

159 54 72
155 20 78
154 48 55
148 63 68
146 1 48
141 29 106
140 53 111
136 45 102
126 68 98
125 7 69
120 12 68
119 37 103
115 6 78
114 13 114
110 11 87
105 31 168
102 52 122
101 51 155
98 35 67
84 36 95
80 65 58
79 60 61
74 39 60
71 44 188
70 5 41
66 59 249
64 15 145
63 9 195
59 34 99
54 50 118
51 16 56
40 23 158
38 55 217
21 61 100
15 28 132
12 14 103
8 56 146
6 33 108
148 150 0 20
146 144 30 33
126 124 49 19
120 116 43 2
119 116 43 24
71 56 26 25
64 68 2 39
12 10 70 7
6 1 10 70 13
159 75 66 1
154 97 62 39
141 149 27 21
140 138 156 25 24
114 53 4 22
84 85 3 22
74 75 66 27
59 55 57 34
38 39 17 28
114 93 129 22 3
120 121 127 8 21
15 13 24 39
102 16 11 40 15
120 89 87 47 22
38 42 19 46
125 122 69 31
40 150 0 20
101 100 32 32
38 41 58 11
54 90 93 129 22 22
21 127 8 39
15 14 13 24 2
54 90 93 53 4 4
54 90 87 47 2
15 90 87 47 41
148 149 27 17
136 94 127 8 1
136 42 19 34
110 109 41 6
102 16 13 24 17
79 82 64 28
59 56 26 27
59 93 53 4 5
51 41 58 14
84 128 129 22 31
119 117 116 43 1
119 118 116 43 28
114 30 68 2 13
70 60 144 30 8
66 69 67 68 2 1
125 124 49 20
21 150 0 12
126 123 39 17 3
40 129 22 6
119 118 116 13 24 4
63 57 124 49 2
136 94 93 53 4 1
66 2 92 10 70 3
84 61 30 68 2 4
79 78 82 64 9
51 52 53 4 16
101 99 38 44
66 2 149 27 21
66 2 28 21 14
6 26 25 23 18 18
159 96 147 150 0 4
15 90 95 96 147 150 0 7
6 5 116 13 24 2
136 94 124 49 9
102 106 10 70 31
6 1 29 27 10 70 1
51 52 53 17 67 21
155 31 53 17 67 8
140 144 30 2
126 109 41 7
110 150 0 5
102 100 32 6
79 58 55 57 18
71 149 27 17
136 42 39 17 7
105 104 39 17 1
12 11 40 8
6 36 34 71 11
63 0 17 67 6
136 94 89 87 47 15
63 57 50 49 47 48 10 8
84 61 30 35 43 46 7
70 26 25 23 18 8
98 130 131 103 17 67 7
63 0 57 50 49 47 48 10 1
114 44 43 46 10
98 97 62 1
51 41 39 17 6
84 61 30 33 42 32
15 90 61 30 33 42 1
102 99 38 3
40 39 17 8
70 26 23 18 1
64 57 50 49 47 48 10 2
6 1 29 28 21 19
64 57 50 48 10 6
63 0 46 47 48 10 12
6 1 0 46 47 48 10 2
54 32 43 46 3
102 16 62 33 42 4
102 106 37 34 71 3
40 61 30 35 34 71 1
