137

154 41 80
153 8 68
149 47 131
147 21 137
146 57 99
142 48 111
141 58 60
139 15 115
135 4 72
130 56 101
126 29 97
122 5 49
120 37 92
119 13 88
118 31 83
109 25 58
103 51 84
102 68 80
90 39 75
85 61 76
80 53 58
76 30 83
75 67 92
70 36 95
67 49 60
63 20 90
62 1 110
57 18 85
44 38 68
42 28 60
35 45 157
34 24 56
29 26 145
28 50 73
25 2 179
17 0 93
15 40 139
10 65 89
9 34 56
8 19 104
4 3 114
146 108 70 3
142 136 7 24
118 136 7 24
109 108 70 15
63 81 63 7
4 6 60 19
67 69 9 6
29 26 27 40
10 11 69 8
139 136 7 16
142 138 136 7 22
154 113 132 42 1
130 111 91 32 12
80 81 63 44
9 11 69 41
4 127 64 36
147 148 12 44
142 137 46 43
142 140 144 55 9
142 140 137 46 31
130 131 23 41
130 129 132 42 20
85 87 14 7
44 2 22 52 3
34 32 33 1
130 129 74 17 16
120 31 74 17 2
80 79 81 63 3
80 79 82 71 29
146 144 55 11
118 115 54 26
130 111 112 137 46 5
126 78 22 28
122 121 127 64 16
90 91 32 23
75 6 60 33
90 59 51 69 9 14
34 33 43 11
25 148 12 7
8 7 35 2
154 156 155 10 21
109 58 56 40 44 40
102 114 155 10 5
8 0 32 33 19
154 113 108 70 20
130 155 10 14
147 53 74 17 8
120 91 32 23
118 131 23 19
109 43 6 4
62 49 47 66 7
42 43 6 36
35 31 74 17 8
35 33 43 14
28 26 27 49
8 91 32 24
4 3 23 62 1
10 55 127 64 4
119 110 26 27 9
8 0 31 74 17 13
154 155 10 15
147 53 144 55 11
141 136 7 11
109 107 11 12
76 78 22 10
70 69 9 13
130 111 112 136 7 4
130 111 112 137 136 7 4
25 2 22 52 10
17 16 52 123 59 13
10 55 106 16 19
62 0 31 74 17 2
154 156 138 136 7 6
62 0 140 137 136 7 3
62 0 140 138 136 7 2
119 110 96 117 115 54 8
142 115 54 11
139 138 136 7 1
147 53 115 54 5
119 110 24 23 62 5
62 110 24 23 62 20
62 49 48 47 66 5
10 55 107 11 19
8 105 55 107 11 7
147 53 55 107 11 1
25 2 22 23 62 3
17 16 52 24 23 62 1
147 53 23 62 1
154 113 83 86 87 14 4
130 132 42 1
85 123 59 9
109 58 50 86 87 14 3
76 77 78 22 4
70 50 86 87 14 2
90 59 7 35 1
15 59 7 35 19
