259

299 105 79
292 113 92
290 101 99
287 132 134
279 120 77
274 62 57
269 29 64
265 79 81
258 49 75
256 20 78
248 85 101
242 60 38
240 129 90
236 88 90
235 18 141
227 41 67
218 71 118
212 104 81
207 115 95
199 109 72
195 92 37
190 24 88
187 61 140
177 98 118
176 134 115
168 122 119
166 82 151
164 3 211
160 112 138
152 80 76
149 66 55
147 30 151
143 27 59
141 39 204
140 7 96
137 116 55
134 42 130
124 93 116
119 5 149
116 56 113
114 32 70
110 114 106
109 72 176
108 48 93
103 15 55
101 70 105
98 103 87
96 14 84
94 23 100
92 90 74
86 86 179
85 68 146
84 52 39
80 76 62
77 125 62
76 51 82
73 108 115
72 118 52
68 43 72
67 26 89
57 31 64
53 87 119
51 11 98
50 130 114
49 119 100
41 1 64
37 0 121
35 69 57
32 123 75
24 127 267
22 17 77
17 73 84
9 4 139
6 131 82
17 14 50 33
287 289 8 31
279 181 75 9
274 11 36 23
258 255 74 9
242 244 83 9
177 241 59 41
116 120 64 46
85 91 121 4
67 69 40 15
51 52 124 17
37 36 77 28
6 8 110 5
6 7 95 39
248 264 126 14
265 146 21 11
227 281 282 107 15
187 188 35 47
86 194 33 32
86 16 54 28
73 252 251 55 37
57 44 43 10 18
17 157 117 33
290 289 8 38
258 254 255 74 22
218 276 38 39
199 238 16 25
177 5 165 89 20
160 161 102 4
152 115 120 64 8
152 217 2 43
92 145 22 32
73 252 251 250 91 4
68 271 97 35
50 52 124 17
49 36 77 26
35 224 37 33
24 184 183 12 35
17 16 54 17
227 281 241 59 4
147 281 241 59 29
96 63 36 77 10
85 154 71 67 22
32 3 38 36 77 18
143 298 65 12
265 264 126 9
240 129 13 44
164 161 102 15
164 162 161 102 35
134 135 111 37
103 104 19 1
258 254 238 16 9
92 91 121 32
80 62 219 221 34 7
292 260 272 270 78 19
101 100 90 44 14
119 4 48 7 95 12
265 262 283 46 9
290 60 276 38 9
290 60 283 46 11
265 170 178 106 21
101 171 188 35 12
141 38 36 77 6
96 95 276 38 6
98 128 129 13 8
84 82 264 126 31
292 14 50 19
279 102 104 19 23
265 266 9 17
256 255 74 20
51 198 63 13
168 165 89 39
164 30 53 37
160 74 94 29
114 65 61 298 65 10
109 263 253 250 91 17
101 171 181 75 18
96 63 44 43 10 14
96 63 264 126 5
76 270 78 10
73 252 250 91 5
73 90 44 47
86 231 69 40 10
51 217 2 15
265 262 29 84 12
279 170 178 106 5
152 132 188 35 5
98 95 276 38 6
86 231 71 67 12
84 82 19 99 13
57 58 170 178 106 3
299 298 65 33
287 202 249 205 170 178 106 2
279 280 58 15
248 246 245 100 12
236 11 36 20
199 198 63 39
176 148 81 10
292 150 148 81 7
149 244 83 7
147 71 67 19
114 113 19 99 1
119 4 56 128 8
108 221 34 41
287 202 238 16 8
76 74 94 13
73 74 94 13
50 60 283 46 1
290 262 29 84 9
279 163 161 102 11
101 171 185 96 11
101 100 271 97 36
103 247 245 100 30
73 75 185 96 18
24 184 171 185 96 5
227 201 223 25 5
152 132 157 117 17
141 131 214 283 46 9
80 62 65 61 298 65 3
72 48 7 95 3
92 93 56 128 9
86 5 165 89 2
85 261 276 38 7
80 62 15 91 121 3
76 270 271 97 5
50 100 271 97 3
67 182 181 75 28
22 89 90 44 3
207 200 252 250 91 5
152 115 120 117 273 45 4
147 146 21 38
101 238 16 5
80 62 65 91 121 3
72 75 185 96 1
37 198 63 7
9 158 57 29
9 293 59 133 2
57 58 59 133 30
292 260 8 110 13
287 202 93 56 128 2
290 262 286 47 7
207 200 262 286 47 30
265 266 146 21 8
212 210 209 201 223 25 14
235 233 20 18 19 99 5
212 189 188 35 20
147 281 282 280 58 1
141 204 241 59 4
137 136 223 25 12
124 123 298 65 11
96 63 7 95 8
94 186 188 35 3
85 261 273 45 1
80 62 297 117 273 45 13
77 62 297 117 273 45 4
57 58 297 117 273 45 10
235 233 20 18 151 223 25 5
141 131 204 241 59 18
137 136 201 223 25 12
92 47 48 7 95 20
41 42 40 43 10 7
256 255 148 81 2
17 0 90 44 3
17 0 4 56 128 7
235 233 150 148 81 13
235 233 20 185 96 1
85 261 260 8 110 3
147 71 43 10 4
141 130 122 52 124 14
149 148 81 2
85 261 56 128 17
80 79 28 15
207 200 69 40 6
49 52 124 4
49 93 56 128 2
190 191 6 29
68 69 40 7
103 105 104 19 4
168 203 8 110 10
279 163 27 29 84 1
35 33 172 244 83 2
279 163 104 19 7
147 281 280 58 5
96 63 27 29 84 6
37 230 232 27 29 84 3
