256

297 122 61
291 82 138
277 71 149
271 114 128
265 64 112
259 129 42
256 65 214
252 127 88
250 40 83
245 69 70
241 35 96
239 7 144
227 63 68
221 1 107
219 54 78
214 52 105
210 43 71
207 101 106
205 91 94
200 57 121
193 132 98
175 109 81
167 32 104
164 12 73
161 130 118
158 14 71
156 41 94
154 115 99
151 5 53
147 119 65
146 24 78
145 107 126
142 66 122
140 29 97
138 27 44
136 6 98
127 94 40
118 51 88
115 9 72
113 79 69
108 78 135
107 116 73
106 31 139
104 4 101
101 84 111
94 10 116
93 72 79
88 50 146
84 11 201
81 59 83
80 15 92
79 76 50
76 17 51
68 92 85
63 28 121
61 58 116
57 39 49
50 123 96
47 89 136
45 67 85
35 104 100
31 81 60
29 74 68
18 86 90
9 36 111
8 112 171
6 124 109
1 83 133
50 37 77 37
214 212 68 3
175 111 102 31
167 168 98 2
161 162 30 21
164 103 126 35
154 7 70 32
151 150 110 16
145 148 45 22
142 143 93 39
107 103 126 39
47 46 128 35
63 267 56 37
297 116 62 10
277 278 19 16
265 266 55 23
250 251 33 33
61 244 117 46
239 237 42 30
200 202 16 19
297 236 172 106 27
151 237 42 43
297 236 137 25 6
107 105 75 35
45 123 105 75 10
118 116 62 24
108 130 97 43
106 103 126 28
80 287 88 34
45 43 134 26
45 44 13 34
297 296 253 23 19
265 262 131 28
259 258 18 20
250 249 61 26
245 251 33 19
245 247 111 23
113 213 113 44
214 233 267 56 12
147 148 45 21
147 266 55 25
167 123 105 75 6
107 290 289 118 7
88 89 2 26
84 89 2 10
138 86 89 2 13
239 71 90 8 4
164 71 90 8 18
239 231 235 261 60 38
136 134 125 293 85 26
175 51 109 44 6
161 162 70 129 20 2
94 276 278 19 8
271 269 270 121 8
68 74 109 44 3
8 74 109 44 25
256 254 120 41
241 244 117 2
221 224 53 33
219 220 48 34
297 25 201 95 12
142 38 201 95 22
200 187 25 201 95 21
175 176 174 109 44 15
164 163 70 129 20 23
142 122 157 129 20 17
154 73 70 129 20 4
118 119 137 25 4
108 130 129 20 1
81 169 105 37
18 20 17 47 40
6 5 7 70 11
8 177 80 37
1 3 99 36
175 125 293 85 12
6 215 212 68 18
221 13 51 109 44 8
245 180 37 77 25
265 261 60 1
265 264 262 131 10
256 257 73 38
256 240 244 117 27
241 243 37 34
107 218 103 21
88 87 218 103 16
214 216 213 113 8
175 176 174 172 106 6
158 157 129 20 8
156 198 34 13
221 13 152 220 48 9
167 123 137 25 14
127 53 0 22
94 114 108 18
104 103 126 6
210 110 111 102 9
68 69 188 3 37
57 56 243 37 11
1 2 49 87 15
241 126 0 49 87 9
18 17 47 23
9 7 70 15
84 71 56 243 37 10
256 240 258 18 19
8 234 169 105 14
167 123 92 22 96 5
31 165 168 98 1
167 166 168 98 8
271 272 270 121 17
250 141 226 49 10
200 201 95 15
138 137 25 22
136 105 75 19
8 74 114 108 5
154 153 114 108 31
154 73 105 75 14
101 46 128 3
140 121 0 49 87 13
47 48 90 4
221 13 296 253 23 8
8 234 25 169 105 15
63 230 170 169 105 10
63 230 170 69 188 3 12
145 124 159 26 9
271 99 96 229 133 2
265 264 262 266 55 16
297 236 10 22 96 2
57 92 22 96 17
167 165 168 98 1
84 71 253 23 8
252 249 61 14
88 87 218 220 48 1
239 74 114 108 2
241 183 74 114 108 2
106 105 75 2
88 23 46 34
84 90 8 3
79 240 258 18 8
63 230 234 257 73 17
158 12 120 290 289 118 2
241 183 211 89 2 1
239 231 248 38 11
161 139 137 25 4
142 203 125 18
140 243 37 9
140 121 185 235 287 88 14
84 71 72 289 118 1
245 251 72 289 118 8
118 181 191 188 3 3
145 124 171 21 5
175 176 124 171 21 1
118 181 195 196 100 1
241 183 74 254 120 16
140 121 248 38 10
214 215 212 68 26
50 14 53 0 5
200 182 198 34 1
142 141 226 49 8
245 251 72 226 49 1
167 166 229 133 9
205 206 96 229 133 5
205 208 206 96 229 133 2
200 182 275 72 226 49 5
57 92 149 150 110 10
167 236 299 171 21 5
227 229 133 23
245 223 116 62 3
145 59 231 248 38 16
200 182 203 125 2
239 238 237 42 23
45 43 44 13 3
245 223 224 53 12
118 181 288 22 7
118 181 184 121 248 38 8
158 12 122 159 26 11
84 155 160 122 159 26 10
146 91 48 90 1
200 182 275 72 289 288 22 4
245 180 90 8 2
245 251 249 61 7
291 292 25 169 171 21 1
118 181 195 190 168 98 5
107 85 197 198 34 9
161 162 170 169 171 21 3
101 46 48 90 1
154 21 73 70 92 91 48 90 2
259 149 92 91 48 90 4
84 155 160 122 91 48 90 2
245 223 224 249 61 2
