124

158 52 66
157 0 104
149 5 105
146 49 140
141 30 102
136 2 67
133 23 58
131 50 104
128 24 90
127 28 67
126 46 126
123 64 92
118 34 127
114 67 150
113 57 77
112 65 128
109 31 143
101 71 84
100 16 203
96 4 93
95 68 124
91 9 67
88 43 52
75 12 58
72 29 58
70 56 147
69 26 65
67 47 186
64 35 70
56 20 98
55 70 98
52 1 61
47 11 102
43 18 119
39 53 71
34 45 115
28 42 125
27 3 78
18 59 100
15 41 174
11 60 65
7 19 78
5 63 68
4 69 53
47 48 61 49
128 42 10 35
88 59 55 22
52 59 55 9
70 58 58 33
43 42 10 12
4 2 17 42
146 3 7 43
133 48 61 33
128 129 13 1
96 98 48 35
112 3 7 26
56 58 58 1
55 58 58 1
43 45 54 11
34 85 129 13 12
7 10 62 40
141 140 22 41
141 142 27 45
131 129 13 28
131 130 37 30
128 130 37 46
126 84 59 55 14
146 80 89 6 29
34 85 143 39 15
4 14 21 30
75 25 77 15 3
34 35 25 77 15 16
7 0 14 21 24
127 130 37 8
96 3 7 18
28 23 45 54 21
7 10 8 36 5
146 150 155 38 43
109 83 85 143 39 1
95 81 143 39 22
67 0 14 21 3
157 155 38 28
123 59 55 41
100 82 14 21 4
100 155 38 2
114 80 89 6 1
72 73 76 44 9
70 147 33 3
28 29 30 147 33 33
7 8 36 30
136 137 135 138 8 6
127 90 87 66 29
114 80 87 66 19
118 117 135 138 8 6
109 83 85 135 138 8 2
34 32 46 45 54 12
18 78 76 44 11
11 73 76 44 5
18 78 79 76 44 24
136 137 138 8 24
131 129 77 15 8
112 86 87 66 10
141 65 46 45 54 3
91 89 6 11
55 93 92 25 14
43 42 134 32 11
28 2 17 15
18 78 77 15 10
95 81 78 77 15 16
133 134 32 30
67 62 65 46 45 54 13
95 81 86 87 66 4
55 16 51 24
52 51 14 17
113 46 45 54 2
95 92 25 6
114 80 92 25 10
158 104 102 130 37 6
158 159 74 40 18
4 24 16 51 21
126 125 130 37 7
4 24 130 37 3
34 48 61 15
127 98 48 17
