633

798 56 83
794 201 48
788 202 87
784 108 64
780 242 91
776 241 101
775 282 114
773 101 168
769 21 74
767 179 110
765 285 18
761 170 59
760 321 80
759 106 75
757 135 87
755 57 69
754 54 202
751 28 80
748 31 61
739 174 58
736 42 131
735 256 110
728 34 60
720 152 37
717 137 78
710 19 190
707 154 115
700 83 122
695 335 52
687 350 80
686 164 157
685 200 89
684 227 62
682 348 43
675 49 97
665 38 131
664 197 82
661 240 150
660 221 110
658 147 75
650 52 24
647 163 55
644 3 51
642 355 76
637 346 112
632 118 140
631 265 113
630 15 92
627 146 76
625 158 93
622 299 123
620 316 166
618 173 135
608 222 113
605 43 53
604 278 96
601 243 25
597 196 56
593 22 79
588 261 74
586 138 51
580 99 94
579 66 139
575 271 43
561 75 146
560 354 74
544 27 68
542 92 101
532 234 74
526 204 55
519 156 152
513 5 83
512 327 125
506 102 89
504 100 106
503 213 97
502 72 123
494 159 25
492 292 110
483 264 102
481 267 44
477 35 49
476 71 95
472 46 75
470 328 75
465 254 154
449 260 165
447 219 176
444 308 101
442 29 105
440 323 48
436 188 84
434 283 71
430 333 66
424 233 142
417 274 82
414 30 50
408 207 49
404 134 122
403 342 78
401 36 84
389 76 72
388 294 65
380 252 154
378 192 112
375 40 113
368 81 68
349 258 163
346 313 72
345 32 83
344 125 74
342 195 28
338 64 96
337 217 149
336 85 123
326 312 104
320 303 76
316 47 109
312 131 142
308 87 58
306 119 53
304 104 108
303 10 61
302 340 131
298 12 37
294 291 69
293 223 52
287 67 167
273 237 54
269 17 124
259 25 87
258 20 179
253 121 118
250 194 74
248 98 116
245 262 115
240 84 95
239 133 104
238 127 61
232 224 169
224 45 99
218 344 56
210 289 103
206 126 98
205 48 103
200 82 100
195 7 122
191 319 70
183 9 149
178 266 132
171 302 62
152 117 73
151 230 128
149 155 22
147 69 75
143 171 88
142 359 77
141 185 82
138 8 60
135 247 102
131 184 77
130 334 130
128 215 176
127 310 118
126 109 129
121 329 275
117 79 93
116 153 30
113 120 119
112 281 67
108 305 132
105 246 155
100 44 114
98 341 41
95 332 74
91 187 82
88 318 94
83 129 94
81 26 59
66 130 40
58 297 160
53 13 44
52 186 97
51 199 120
45 322 226
44 107 139
40 198 121
32 339 87
23 356 60
20 11 66
19 273 101
16 216 245
14 275 244
11 345 89
8 14 73
773 592 229 31
769 46 325 11
294 295 347 18
760 85 1 10
754 366 78 39
720 721 304 16
717 716 290 1
575 577 150 22
690 366 78 43
685 207 86 14
171 97 220 33
116 115 183 40
326 139 93 22
605 416 298 4
601 600 351 31
542 547 113 30
513 511 280 35
513 515 24 35
477 473 238 26
447 85 1 44
424 425 162 5
401 399 182 24
380 228 218 30
306 307 306 2
128 125 62 40
269 721 304 19
205 204 132 46
183 185 165 12
147 144 103 7
143 144 103 18
127 732 59 18
45 43 157 48
40 42 122 43
40 43 157 17
23 796 226 44
294 584 287 11
117 789 90 15
642 786 789 90 3
775 774 253 41
83 766 286 21
665 557 205 16
622 621 96 18
320 104 73 29
710 319 276 34
690 521 97 33
259 256 151 18
644 643 124 30
625 139 93 20
620 623 349 23
608 607 18 6
597 594 190 14
560 662 136 23
512 364 50 24
503 56 259 32
465 462 178 30
444 231 206 18
113 713 439 353 16
440 34 35 269 18
345 37 65 27
326 327 2 6
735 743 747 251 10
238 249 94 24
240 159 55 37
232 634 231 43
210 299 169 29
206 204 132 29
113 713 185 165 21
143 479 747 251 20
126 364 50 10
91 71 99 89 5
58 56 259 13
775 611 521 97 19
287 611 521 97 16
586 554 211 315 14
380 379 659 149 13
51 384 69 324 12
765 764 272 8
105 104 73 34
717 714 716 290 2
707 708 6 17
690 184 420 326 18
682 97 220 9
253 252 228 33
650 649 211 50
625 82 239 32
618 77 781 244 5
575 553 570 568 53 23
560 558 142 11
519 55 145 9
512 511 280 40
506 369 191 28
502 376 128 17
494 495 295 17
481 482 39 8
408 242 4 6
269 387 338 21
345 376 128 50
368 366 78 3
344 691 703 74 9
337 339 0 47
316 488 210 3
306 309 255 11
253 309 255 42
238 540 235 10
232 230 148 21
232 231 206 10
195 197 317 30
58 243 88 46
44 41 43 157 8
44 42 122 1
627 629 42 122 13
775 777 774 253 18
544 545 202 309 19
345 268 333 320 11
183 279 280 41 39
183 279 277 280 41 8
113 740 743 747 251 5
506 359 353 439 353 9
788 787 786 789 90 17
287 778 781 244 4
769 295 347 4
759 557 205 19
755 621 96 42
690 697 161 22
690 704 703 74 23
687 689 144 26
686 638 37 48
665 484 208 18
664 256 151 18
661 29 357 32
642 241 51 30
620 621 96 5
544 545 459 549 709 177 1
483 482 39 3
417 416 298 38
375 376 128 5
544 545 543 548 547 113 8
344 120 60 41
338 339 0 4
336 96 166 36
349 347 314 318 352 5
308 307 306 23
250 120 60 23
248 249 94 14
206 207 86 23
183 184 420 326 11
147 145 250 6
141 146 225 31
143 144 146 225 1
143 479 399 182 9
130 482 39 47
127 124 189 13
121 674 268 333 320 21
126 364 704 703 74 15
81 82 239 35
504 578 50 175 12
32 30 111 17
16 18 730 139 9
682 714 715 80 29
682 714 716 290 7
586 554 462 178 10
519 517 521 97 2
476 474 473 238 4
476 474 475 69 324 19
476 468 469 311 10
440 34 592 229 27
430 324 323 293 22
337 456 425 162 11
240 103 68 33 6
171 4 582 343 13
131 350 361 330 8
113 740 450 460 61 11
100 4 582 343 27
380 7 4 582 343 8
45 455 459 683 251 168 2
45 455 459 549 709 177 3
11 18 730 139 27
11 17 15 102 115 19
788 789 90 1
788 786 789 90 25
720 719 558 142 19
717 715 80 3
337 697 161 7
81 80 270 32
658 638 37 13
650 489 486 716 290 3
117 115 183 8
620 619 16 48
477 119 114 13
23 22 141 22
440 439 353 28
430 431 358 22
388 387 338 4
389 347 314 318 352 7
312 311 68 1
304 431 358 35
287 747 251 2
258 74 202 309 2
245 582 343 21
232 265 268 333 320 9
238 235 315 318 352 12
336 96 662 136 1
206 203 207 86 3
183 182 185 165 13
183 636 331 25
143 146 225 8
135 290 292 203 20
131 132 63 33
131 626 624 268 8
128 124 189 43
127 324 323 293 12
108 107 288 14
470 72 101 248 8
95 96 662 136 2
755 741 636 331 17
95 93 636 331 5
346 692 709 177 5
684 60 84 85 1 13
631 680 678 337 2
586 554 39 110 12
105 554 39 110 7
476 742 559 558 142 2
476 742 741 636 331 4
470 72 74 202 309 8
224 78 76 74 202 309 1
424 426 425 162 13
424 640 641 638 37 19
404 172 173 263 5
337 340 522 116 11
308 264 515 24 17
151 163 243 88 7
23 164 220 180 21
784 654 140 25
720 778 781 244 4
769 46 484 208 2
765 766 286 7
751 352 82 239 3
751 571 232 16
736 104 73 20
695 697 161 12
690 771 214 17
658 657 172 6
642 241 566 91 7
642 115 183 4
627 75 74 202 309 4
627 75 488 210 4
625 624 268 2
593 594 190 34
544 545 543 547 113 2
526 55 145 33
519 518 181 9
477 292 203 28
476 473 238 5
447 448 77 10
436 656 655 277 11
401 402 584 287 2
378 377 307 2
346 548 547 113 14
346 515 24 4
304 305 39 110 24
303 305 39 110 2
293 296 176 15
232 662 136 22
224 78 714 716 290 9
717 713 185 165 11
794 792 132 63 16
126 771 214 29
121 182 185 165 6
308 264 311 68 3
588 590 101 248 16
83 85 1 4
52 634 231 22
16 464 462 178 4
798 795 448 77 2
710 711 709 177 8
682 97 99 89 21
95 310 488 210 4
476 742 649 211 2
476 742 741 764 272 1
326 452 55 145 13
245 591 592 229 1
23 164 161 189 99 89 10
91 71 350 361 330 35
81 217 276 143 9
58 613 35 269 19
53 393 395 220 180 16
798 584 287 38
767 295 347 3
717 2 569 54 160 5
717 577 150 6
19 659 149 24
660 252 228 19
660 80 270 8
627 629 584 287 6
618 77 154 251 168 9
588 538 105 3
477 475 69 324 8
380 377 307 45
200 343 112 11
294 296 176 5
293 125 62 4
23 554 592 229 5
248 460 61 18
195 185 165 9
151 163 162 169 251 168 12
151 163 680 678 337 3
151 163 209 301 18
147 146 225 18
143 145 250 18
128 409 249 1
126 124 189 1
113 114 58 29
142 606 114 58 11
66 64 65 193 5
88 261 409 249 17
45 455 451 484 208 25
575 553 583 220 180 1
560 550 488 210 12
506 359 352 82 239 8
502 313 80 270 8
206 204 469 311 10
476 742 439 353 14
344 795 448 77 7
424 358 421 420 326 4
320 168 242 4 23
320 168 214 220 180 6
191 189 99 89 20
759 478 679 678 337 7
618 610 679 678 337 9
687 134 550 488 210 11
449 745 67 65 193 19
424 358 154 251 168 17
506 359 352 358 154 251 168 1
388 745 67 65 193 1
248 278 279 277 280 41 11
52 756 325 323 293 4
776 333 320 12
710 709 177 1
618 610 263 267 369 191 9
593 596 95 16
588 587 209 38
434 435 167 25
344 343 112 35
98 607 18 12
293 295 347 8
273 274 257 10
210 209 301 10
108 73 242 4 18
465 9 635 101 248 7
476 742 57 203 207 86 3
88 261 276 143 13
88 71 552 566 91 18
91 1 583 220 180 1
66 65 193 2
51 50 175 9
710 539 541 540 235 11
710 319 752 314 5
707 28 425 162 28
700 698 361 330 6
675 670 266 609 274 257 9
575 553 571 232 7
483 480 469 311 12
326 422 420 326 21
250 554 592 229 1
88 319 752 314 8
45 455 453 496 123 4
23 164 167 233 336 11
519 517 516 518 181 6
248 278 277 280 41 2
178 373 379 659 149 14
51 384 383 1 583 220 180 9
664 552 566 91 8
660 659 149 1
647 646 296 9
622 623 349 30
597 596 95 16
465 22 141 12
320 454 68 33 8
303 539 541 540 235 14
130 132 63 6
105 311 68 32
798 533 534 245 40
337 456 454 68 33 2
780 778 781 244 8
206 779 781 244 10
444 445 443 167 233 336 4
401 402 399 182 8
344 691 706 70 12
519 517 521 522 116 7
700 730 139 13
477 729 236 9
316 318 352 20
298 297 300 4
298 607 18 4
205 207 86 11
100 101 248 2
100 615 571 232 4
98 623 349 3
717 2 29 357 9
620 621 623 349 4
506 359 617 525 297 300 6
506 359 353 251 168 3
476 473 276 143 5
380 7 4 5 54 160 22
345 37 38 212 10
308 264 261 276 143 8
147 146 678 337 1
19 6 68 33 7
707 28 26 29 357 3
690 693 729 236 16
346 692 722 279 18
238 235 6 68 33 2
51 384 0 10 284 5
45 455 693 729 236 1
707 28 29 357 2
700 698 362 23 2
338 227 228 218 6
238 235 496 123 26
113 740 463 462 178 11
45 455 459 538 105 4
40 226 228 218 12
51 49 50 175 3
287 611 614 656 655 277 16
597 458 227 228 218 1
597 458 227 226 228 218 7
151 163 680 681 678 337 4
40 692 722 279 5
769 46 48 38 212 4
113 740 86 48 38 212 4
506 359 617 614 656 655 277 1
326 328 327 2 6
675 670 266 609 607 18 2
344 691 698 362 23 10
477 475 69 68 33 4
700 699 698 362 23 2
506 359 617 614 656 654 140 1
632 614 656 654 140 1
388 745 69 68 33 6
