              1           2           3           4           5

13                                    1
35                        1
60                                    1
64                                                            1
76                                    1
89                                    1
116                                                           1
136                       1
147                                               1
148           1
149                                   1