264

299 105 79
298 65 69
292 113 92
289 8 69
287 132 134
279 120 77
274 62 57
269 29 64
265 79 81
258 49 75
256 20 78
248 85 101
242 60 38
240 129 90
236 88 90
235 18 141
227 41 67
218 71 118
212 104 81
207 115 95
199 109 72
195 92 37
190 24 88
187 61 140
177 98 118
176 134 115
168 122 119
166 82 151
164 3 211
160 112 138
157 117 50
152 80 76
149 66 55
147 30 151
143 27 59
141 39 204
140 7 96
137 116 55
134 42 130
124 93 116
119 5 149
116 56 113
114 32 70
110 114 106
109 72 176
108 48 93
103 15 55
101 70 105
98 103 87
96 14 84
94 23 100
92 90 74
86 86 179
85 68 146
84 52 39
77 125 62
76 51 82
73 108 115
72 118 52
68 43 72
67 26 89
57 31 64
53 87 119
51 11 98
50 130 114
49 119 100
41 1 64
37 0 121
35 69 57
32 123 75
24 127 267
22 17 77
14 50 52
9 4 139
6 131 82
279 181 75 9
274 11 36 23
258 255 74 9
242 244 83 9
177 241 59 41
14 17 73 33
116 120 64 46
85 91 121 4
67 69 40 15
51 52 124 17
37 36 77 28
6 8 110 5
6 7 95 39
287 290 101 38
248 264 126 14
265 146 21 11
77 62 80 76 4
227 281 282 107 15
187 188 35 47
86 16 54 28
157 17 73 33
86 194 33 32
73 252 251 55 37
57 44 43 10 18
289 290 101 41
258 254 255 74 15
256 254 255 74 7
218 276 38 39
199 238 16 25
176 16 54 17
177 5 165 89 20
160 161 102 4
152 115 120 64 8
152 217 2 43
114 65 62 80 76 10
92 145 22 32
68 271 97 35
50 52 124 17
49 36 77 26
35 224 37 33
24 184 183 12 35
14 15 62 80 76 3
73 252 251 250 91 4
227 281 241 59 4
147 281 241 59 29
96 63 36 77 10
85 154 71 67 22
32 3 38 36 77 18
265 264 126 9
240 129 13 44
236 80 76 13
164 161 102 15
134 135 111 37
103 104 19 1
256 254 238 16 9
143 144 62 80 76 5
92 91 121 32
84 82 264 126 31
292 260 272 270 78 15
101 100 90 44 14
119 4 48 7 95 12
50 60 290 101 3
265 262 283 46 9
265 170 178 106 21
164 162 161 102 35
101 171 188 35 12
141 38 36 77 6
96 95 276 38 6
98 128 129 13 8
279 102 104 19 23
265 266 9 17
265 262 29 84 12
256 255 74 20
51 198 63 13
168 165 89 39
164 30 53 37
160 74 94 29
108 290 101 17
101 171 181 75 18
96 63 44 43 10 14
96 63 264 126 5
96 80 76 27
76 270 78 14
73 90 44 47
86 231 69 40 10
51 217 2 15
14 15 91 121 6
109 263 253 250 91 17
84 82 19 99 13
73 252 250 91 5
279 170 178 106 5
152 132 188 35 5
98 95 276 38 6
86 231 71 67 12
287 202 249 205 170 178 106 5
279 280 58 15
248 246 245 100 12
236 11 36 20
199 198 63 39
176 16 17 73 18
176 148 81 10
292 150 148 81 7
149 244 83 7
147 71 67 19
108 221 34 41
287 202 238 16 8
85 261 276 38 16
76 74 94 13
73 74 94 13
22 89 90 44 3
50 60 283 46 1
279 163 161 102 11
292 260 262 29 84 6
207 200 262 29 84 3
101 171 185 96 11
101 100 271 97 36
103 247 245 100 30
73 75 185 96 18
24 184 171 185 96 5
227 201 223 25 5
114 113 19 99 1
141 131 214 283 46 15
119 4 56 128 8
72 48 7 95 3
92 93 56 128 9
86 5 165 89 2
76 270 271 97 1
50 100 271 97 7
67 182 181 75 28
147 146 21 38
101 238 16 5
37 198 63 7
9 158 57 29
9 293 59 133 2
57 58 59 133 30
292 260 250 91 5
292 260 8 110 6
292 214 283 46 5
265 266 146 21 8
72 75 185 96 1
218 219 221 34 7
212 209 201 223 25 14
212 189 188 35 20
152 132 19 99 5
147 281 282 280 58 1
141 204 241 59 4
137 136 223 25 12
137 136 201 223 25 12
141 131 204 241 59 14
141 130 133 241 59 4
152 115 120 117 273 45 4
85 261 273 45 1
57 58 297 117 273 45 13
96 63 7 95 8
207 200 262 286 47 36
94 186 188 35 3
92 47 48 7 95 20
287 202 93 56 128 2
41 42 40 43 10 7
235 233 20 18 151 223 25 5
256 255 148 81 2
141 130 122 52 124 12
152 132 130 122 52 124 2
235 233 150 148 81 13
235 233 20 185 96 1
85 261 260 8 110 10
147 71 43 10 4
119 117 273 45 8
96 262 286 47 1
149 148 81 2
85 261 56 128 1
207 200 69 40 2
49 52 124 4
116 117 273 45 6
49 93 56 128 23
103 105 4 56 128 2
190 191 6 29
68 69 40 11
103 105 104 19 4
168 203 8 110 10
35 33 172 244 83 2
279 163 27 29 84 1
292 214 90 44 3
279 163 104 19 7
147 281 280 58 5
96 63 27 29 84 6
37 230 232 27 29 84 3
96 80 79 28 10
256 62 80 79 28 5
