257

299 115 48
296 95 90
294 72 98
289 14 62
276 79 138
267 55 95
265 85 126
259 38 137
254 112 119
252 33 95
250 88 98
246 77 113
245 113 42
240 23 76
239 15 44
226 4 98
225 8 102
221 110 91
219 42 89
216 10 52
214 129 156
213 101 40
211 49 70
210 80 103
209 133 123
202 27 74
201 132 98
198 34 96
192 69 89
172 66 77
165 71 63
159 96 65
152 134 128
148 104 81
147 82 46
142 32 90
128 37 81
126 122 74
125 18 43
124 107 156
121 29 112
119 54 89
117 57 62
115 78 94
114 22 106
107 68 105
106 75 92
105 19 93
103 12 63
100 120 73
98 126 59
89 99 141
88 35 115
86 41 135
83 31 22
82 84 94
78 87 58
76 92 83
75 47 58
61 90 66
51 11 38
35 105 111
32 7 187
30 5 55
25 3 192
21 74 71
20 56 67
13 60 109
7 62 74
296 249 124 2
254 256 102 6
246 149 83 25
201 156 103 30
148 149 83 38
98 99 131 29
89 87 44 45
83 85 59 32
78 80 50 15
296 295 93 11
296 260 270 67 7
267 19 127 13
250 93 72 51 23
209 97 16 13
172 173 0 41
152 151 233 20 18
152 151 150 53 21
128 129 100 6
126 122 58 6
51 52 13 44
30 29 30 17
25 24 63 36
25 26 46 15
25 135 36 15
21 22 8 119 11
211 3 39 43 3
159 3 39 43 39
299 39 43 9
296 45 70 25
267 260 270 67 12
213 42 135 36 41
202 203 61 21
198 199 91 25
30 28 117 2
142 263 97 16 10
142 155 121 40
134 227 229 52 30
134 132 40 118 116 12
78 169 86 9
159 133 166 123 29
125 127 42 135 36 4
35 34 52 13 18
276 218 260 270 67 18
250 249 124 30
134 171 48 37
152 16 108 24
147 149 83 43
134 272 6 27
289 0 4 24 32
126 129 100 7
125 129 100 25
125 285 286 114 19
125 127 129 100 4
105 40 118 116 2
100 163 9 19
89 19 127 40
254 57 59 25 7
86 87 44 26
61 145 109 5
32 235 233 20 8
296 293 295 93 39
13 10 128 15
213 212 195 2 21
219 44 87 44 16
265 93 72 51 4
211 91 169 86 8
142 263 29 30 17
13 47 45 70 5
21 22 190 189 111 7
82 108 31 64 28
134 132 133 166 123 14
267 65 89 29
254 236 169 86 20
221 220 21 33
219 217 220 21 11
165 166 123 1
121 122 58 35
89 52 13 23
89 59 25 22
25 295 93 16
7 116 73 16
126 90 99 131 8
254 43 65 89 14
246 185 163 9 35
201 197 199 91 28
152 91 169 86 23
106 186 180 118 116 16
100 101 102 48 118 32
86 0 4 24 6
78 44 87 44 7
82 81 189 111 18
25 133 166 123 1
25 133 249 124 2
88 146 130 249 124 2
142 263 29 28 117 5
198 130 249 124 11
198 200 197 199 91 7
202 123 122 58 18
202 64 65 89 14
165 28 117 25
76 73 26 4
134 176 125 14
105 287 29 28 117 1
105 118 116 11
89 149 83 5
134 227 230 28 6
209 184 227 230 28 15
276 180 118 116 21
265 93 118 116 4
202 204 54 65 4
142 141 143 139 98 19
134 130 249 124 1
276 218 260 130 249 124 11
134 272 97 16 1
125 109 110 130 16
115 111 39 43 11
103 1 234 45 18
82 81 155 121 11
35 34 60 106 5
25 133 167 169 86 2
254 236 185 163 9 4
211 208 39 40
172 171 48 5
148 140 143 139 98 17
75 73 26 39
61 60 106 10
209 184 227 229 230 28 9
76 96 99 131 19
265 261 24 63 10
78 44 6 1 16
89 19 24 63 2
25 131 145 109 22
115 53 110 130 21
209 208 39 2
148 140 139 98 4
134 47 45 70 1
128 4 24 21
82 182 173 0 6
82 14 17 10
35 262 282 40 18
20 85 59 22
142 263 162 97 12
82 44 6 1 7
172 183 256 102 27
152 16 14 17 9
134 132 11 10 128 6
134 132 2 24 63 5
134 132 2 19 24 63 1
35 74 73 26 9
25 131 145 144 94 5
103 1 16 14 17 5
35 262 53 110 130 5
35 230 28 8
21 26 46 22
250 37 39 43 4
221 187 48 118 8
202 204 22 190 189 111 9
202 205 203 61 3
134 47 156 103 4
103 1 281 280 81 3
13 92 11 10 128 23
25 164 279 281 280 81 10
126 90 145 144 94 8
125 127 92 11 10 128 7
82 182 74 85 59 5
76 96 94 97 16 2
148 281 280 81 7
147 73 26 3
296 170 162 97 8
294 292 263 162 97 3
25 164 163 9 1
25 131 18 34 60 106 3
226 241 90 145 144 94 2
225 183 256 102 4
221 187 174 110 130 3
219 217 54 65 34
115 95 97 16 13
115 95 183 256 102 2
125 127 129 53 110 130 5
86 0 288 76 13
7 41 60 106 11
276 275 99 131 7
254 43 6 1 6
125 127 42 60 106 7
32 79 14 17 2
276 180 195 2 3
159 3 287 29 28 117 4
35 262 287 288 76 16
