              0           1           2           3           5

0                                                             1
38                        1
58                                                            1
101                                                           1
104                                                           1
119           1
142                                               1
168                                                           1
205                                                           1
224                       1
245                                                           1
248                                   1
252                                               1
255                                               1
289                                                           1
300                                   1
301                       1
313                       1
331                       1
346                       1
380                                                           1
409                                   1
416                                                           1
434                       1
445                                                           1
459                                                           1
490                                                           1
527                                                           1
552                                   1
585                       1
613                                   1
615                                                           1
622                                   1
623                                   1
633                       1
635                                                           1
651                                   1
654                                   1
660                                               1
671                                                           1
677                                   1
715                                                           1
748                                                           1
758                                   1
776                       1
779                                               1
790                                                           1
