              0           2           3           5

11                                                1
20                                                1
22                                                1
30                        1
80            1
100                                               1
106                                               1
130                                               1
133                                               1
172                                               1
200                                               1
202                                               1
221           1
236                                               1
238                                   1
277                                               1
342                                               1
354                                   1
372                                               1
383                       1
392                                               1
393                                               1
470                       1
478                                               1
525                                   1
543                                   1
604                                   1
609                                               1
618                                   1
647                                               1
651                       1
667                                               1
682                                               1
686                                               1
731                                   1
737                                               1
754                       1
760                                   1
780                       1
786                                   1
