              0           1           2           3           5
14                        1
15                                                            1
19                                    1
22                                    1
32                                                            1
54                                                1
62                                                1
68                                                1
94            1
99                                    1
182                                   1
184                       1
192                                                           1
215                                                           1
223                       1
226                                                           1
245                                   1
257                                               1
265                                               1
282                                   1
301                                                           1
318                                                           1
320           1
335                                                           1
339                                                           1
351                       1
370                                                           1
381                                                           1
383                                                           1
397                                               1
413                                               1
425                                                           1
445                                                           1
481                                   1
511                                   1
541                       1
543                                   1
579                                                           1
610                                   1
620                                                           1
626                                                           1
639                                   1
641                       1
673                                                           1
679                                   1
691                                                           1
702                                                           1
745                                                           1
768                       1
796                                   1