              0           1           2           3           5

7             1
60                                    1
68                        1
101                                                           1
102                                                           1
105                                   1
133                                               1
140                                                           1
156                                                           1
160                                               1
171                                                           1
172                                                           1
186                                                           1
213                                   1
214                                               1
275                                   1
291                                   1
319                                               1
320                                                           1
348                                               1
352                                               1
366                       1
398                                                           1
399                                                           1
400                                               1
421                                                           1
436                                                           1
437                                                           1
438                                                           1
454                       1
456                                                           1
487                                                           1
510                                               1
556                                               1
571                                                           1
572                                                           1
578                                               1
619                                   1
632                                               1
641                                   1
688                                   1
701                       1
703                                   1
707                                               1
731                                   1
746                                                           1
