              0           1           2           3           4           5

0                                                                         1
3                         1
15                                                                        1
16                                                                        1
17                                                                        1
57                        1
61                                                                        1
68                        1
109                                   1
115                                                                       1
146                                                                       1
147                                                                       1
164                       1
190           1
199                                   1
203                                               1
210                                                                       1
282                                                                       1
288           1
368                                               1
375                                                                       1
378                                                                       1
426                                                           1
440                                                                       1
449                       1
454                       1
476                                                                       1
480           1
492                                   1
494                       1
509                                   1
543                                   1
553                                   1
575                                                                       1
595                                                                       1
626                                                                       1
636                                                                       1
641           1 -1.20019E-8
645                                                                       1
661                                   1
665                                                                       1
692                                               1
718                       1
721                                   1
734                       1
735                                                           1
739                       1
