              0           1           2           3           4           5

10                                                1
62                                                                        1
91                                                                        1
95                                    1
96                                                            1
156                       1
158           1
163                                                                       1
183                       1
187                                                                       1
200                                                                       1
211                                                                       1
226                                   1
236                       1
290                                                                       1
294                                   1
295                                                                       1
324                                                                       1
331                                   1
368                                   1
383                                               1
386                       1
438                       1
439                                   1
451                                                                       1
464           1
473                                               1
498                       1
500                                                                       1
535                                                                       1
602                                                                       1
624                                               1
625                                               1
628                                   1
651                                   1
659                       1
665                                               1
670                                                                       1
676                                                                       1
734                       1
766                                                                       1
767                                                                       1
780                                                                       1
795                                                                       1
