              0           1           2           3           4           5

8                                                             1
40                                    1
45                                                                        1
69                                    1
75                                                                        1
83                        1
96                                                                        1
107                                                                       1
128                                                                       1
145                                                                       1
152                                               1
155                                   1
236                                               1
250                                                                       1
297                                                                       1
316                                                                       1
327                                               1
342                                                                       1
346                       1
374                       1
425                       1
432                       1
444                                               1
451                                               1
461                       1
471                                                                       1
500                                                                       1
512                       1
537                                                                       1
545                                   1
565                                                                       1
577                                   1
578                                   1
583                                                                       1
591           1
603                                   1
630                                                                       1
659                                                                       1
675                       1
691                                                                       1
701                                                                       1
716                                               1
722                                                                       1
745                                               1
754                                   1
756                                                                       1
770                                   1
