              0           1           2           3           4           5

10                                    1
65                                                                        1
75                                                                        1
76                        1
91                                                                        1
110                                               1
144           1
169           1
180                                                                       1
200                                                                       1
210                       1
230                                                                       1
232                                                                       1
281                                                                       1
303                                   1
316                                                                       1
321                       1
351                                                                       1
362                                                           1
397                                   1
412                       1
415                       1
422                                                                       1
424                                                                       1
484                                               1
492                                               1
527                                   1
532                                   1
538                                                                       1
544                                                                       1
559                                                                       1
586                       1
618                                               1
627                                                                       1
676                                   1
677                                   1
691                                                                       1
709                                                                       1
740                                                                       1
762                                                                       1
778                                                                       1
784           1
