              1           2           3           4           5

14            1
18            1
36                        1
45            1
66            1
76                                                            1
93            1
122                                                           1
126           1
145                                                           1
154                                   1
190           1
227                                                           1
245                                                           1
266                       1
270                       1
275                                                           1
286                       1
293                                                           1
315                                                           1
324                                                           1
332                       1
334                       1
351                                                           1
367                                   1
378                                   1
442           1
448                                   1
456                                   1
474                       1
510                       1
517                                                           1
520                       1
527                                   1
534                                                           1
549           1
553                       1
568           1
585                                                           1
592           1
610                       1
615                       1
626                                                           1
661                       1
693                                   1
701                                                           1
710                                               1
