              0           1           2           3           4           5

4                                                                         1
21                                                                        1
24                                                                        1
45                                                                        1
54                                    1
77                                                                        1
102                                                                       1
143                                               1
146                       1
156                                               1
159                                               1
164                                                                       1
172           1
210                                               1
213           1
224                                   1
229                                   1
322                                   1
326                       1
331                                                                       1
340                                   1
345                                                                       1
350                                                                       1
373                       1
395                                                                       1
409                                   1
413                                               1
495                                                                       1
496                                                                       1
516                                                           1
522                       1
526                                                                       1
554                                   1
586                                               1
587                                   1
592                                                                       1
617                                                                       1
716                                                                       1
717                                               1
747                                               1
755                                                                       1
756                                                                       1
775                                                                       1
793                                               1

