130

154 41 80
153 8 68
149 47 131
147 21 137
146 57 99
142 48 111
139 15 115
136 7 117
135 4 72
131 23 60
130 56 101
126 29 97
122 5 49
120 37 92
119 13 88
115 54 50
109 25 58
103 51 84
102 68 80
90 39 75
85 61 76
80 53 58
76 30 83
75 67 92
70 36 95
67 49 60
63 20 90
62 1 110
57 18 85
44 38 68
42 28 60
35 45 157
34 24 56
29 26 145
28 50 73
25 2 179
17 0 93
15 40 139
10 65 89
9 34 56
8 19 104
4 3 114
146 108 70 3
136 118 31 24
109 108 70 15
63 81 63 7
4 6 60 19
67 69 9 6
29 26 27 40
10 11 69 8
142 141 58 2
136 137 46 7
154 113 132 42 1
130 111 91 32 12
80 81 63 44
9 11 69 41
4 127 64 36
147 148 12 44
142 137 46 41
130 129 74 17 16
130 129 132 42 20
120 31 74 17 2
85 87 14 7
44 2 22 52 3
34 32 33 1
142 140 137 46 31
142 140 144 55 9
80 79 81 63 3
80 79 82 71 29
154 156 155 10 21
146 144 55 11
115 118 31 26
126 78 22 28
122 121 127 64 16
90 91 32 23
75 6 60 33
90 59 51 69 9 14
34 33 43 11
25 148 12 7
8 7 35 2
109 58 56 40 44 40
102 114 155 10 5
8 0 32 33 19
154 113 108 70 20
130 155 10 14
131 118 31 33
120 91 32 23
109 43 6 4
62 49 47 66 7
42 43 6 36
35 33 43 14
28 26 27 49
8 91 32 24
4 3 23 62 1
10 55 127 64 4
147 53 74 17 8
119 110 26 27 1
62 110 26 27 8
35 31 74 17 8
8 0 31 74 17 13
154 155 10 7
136 141 58 11
109 107 11 12
76 78 22 10
70 69 9 13
10 55 106 16 19
147 53 144 55 11
146 145 141 58 24
25 2 22 52 10
17 16 52 123 59 13
62 0 31 74 17 2
62 110 96 155 10 8
131 132 42 1
149 141 58 21
136 138 141 58 2
62 110 24 23 62 25
62 49 48 47 66 5
10 55 107 11 19
8 105 55 107 11 7
147 53 55 107 11 1
25 2 22 23 62 3
17 16 52 24 23 62 1
85 123 59 9
147 53 23 62 1
76 77 78 22 4
109 58 50 86 87 14 3
154 113 83 86 87 14 4
70 50 86 87 14 2
90 59 7 35 1
15 59 7 35 19
