145

159 28 40
155 63 100
147 7 85
139 51 119
137 40 74
135 5 101
131 34 55
128 22 145
126 24 168
123 32 79
114 41 103
108 67 80
106 64 118
103 46 134
97 39 94
89 44 192
85 16 103
83 58 97
81 36 101
72 17 76
69 14 73
66 70 94
61 37 62
60 48 98
59 59 68
56 56 163
54 11 73
49 35 130
48 21 58
46 50 83
37 27 95
36 3 122
31 9 49
30 26 85
25 8 200
22 4 115
20 18 170
17 42 194
4 47 73
20 144 60 2
61 79 68 24
48 57 53 33
36 57 53 49
36 32 38 48
17 18 29 45
147 148 12 30
89 87 45 35
85 84 10 49
72 77 65 21
37 42 77 65 23
61 92 127 0 3
126 5 57 53 11
49 50 13 30
89 150 11 15 8
159 158 19 31
17 44 148 12 6
61 94 129 30 1
66 41 63 6 3
59 57 53 20
128 1 11 15 9
66 92 127 0 8
155 21 71 142 43 4
135 140 148 12 2
60 63 6 28
22 149 1 39
126 5 0 63 6 31
20 18 29 11
159 150 11 15 18
31 150 11 15 12
135 140 144 60 12
66 92 121 2 9
103 105 92 121 2 21
20 9 8 54 21
61 94 142 43 1
61 94 92 121 2 12
155 129 30 28
106 107 20 38
106 148 12 10
81 84 10 30
72 73 74 77 65 11
59 58 52 12
56 87 45 26
22 63 6 1
97 2 100 99 25 4
147 145 144 60 7
137 41 63 6 2
49 0 63 6 5
123 122 124 69 2
72 73 75 61 20
61 94 92 121 120 31 6
20 9 109 149 1 2
61 94 90 87 45 7
135 140 104 107 20 14
128 127 0 13
126 124 69 6
66 67 49 35
30 154 157 33 6
20 79 68 18
17 12 14 11 15 1
155 100 99 25 1
106 148 144 60 4
155 21 71 76 75 61 1
66 9 109 149 1 12
61 94 92 109 149 1 3
61 94 90 98 23 16
126 5 7 73 75 61 1
126 5 7 73 74 75 61 1
155 21 71 77 75 61 6
97 2 142 43 23
36 35 50 13 13
17 12 11 15 13
126 125 91 120 31 10
72 76 75 61 14
37 42 33 58 52 1
126 125 76 75 61 1
126 5 7 73 74 77 75 61 5
155 157 33 8
135 45 66 7
97 129 30 11
46 45 66 28
135 136 119 129 30 5
128 93 134 57 31
128 38 134 57 6
114 112 95 149 1 13
108 91 120 31 7
108 109 149 1 2
37 42 78 62 20
72 40 51 71 16
66 68 67 49 12
36 35 50 51 71 2
159 75 61 4
72 40 65 55 5
59 57 8 54 1
147 144 60 14
46 40 65 55 12
66 68 93 134 57 2
61 94 90 99 25 4
46 33 58 52 5
36 145 144 60 10
128 1 101 99 25 19
137 41 57 8 54 1
89 42 78 62 10
20 79 80 157 33 13
17 101 99 25 5
137 41 65 55 10
