144

159 54 72
155 20 78
154 48 55
150 0 68
149 27 76
146 1 48
141 29 106
140 53 111
136 45 102
127 8 61
126 68 98
125 7 69
119 37 103
115 6 78
114 13 114
110 11 87
105 31 168
102 52 122
101 51 155
98 35 67
87 47 80
84 36 95
80 65 58
79 60 61
74 39 60
71 44 188
66 59 249
64 15 145
63 9 195
59 34 99
54 50 118
53 4 48
40 23 158
38 55 217
15 28 132
12 14 103
8 56 146
6 33 108
150 148 63 20
146 144 30 33
126 124 49 19
119 116 43 24
71 56 26 25
64 68 2 39
53 17 67 29
12 10 70 7
6 1 10 70 13
159 75 66 9
154 97 62 39
140 138 156 25 24
114 93 129 22 3
84 85 3 22
74 75 66 19
59 55 57 34
53 93 129 22 10
38 39 17 28
15 13 24 39
102 16 11 40 15
127 121 120 12 21
98 130 120 12 11
87 89 120 12 22
38 42 19 46
127 21 61 39
125 122 69 31
101 100 32 32
59 21 61 27
38 41 58 11
15 14 13 24 2
127 94 93 116 43 1
54 90 93 116 43 5
54 90 93 129 22 21
71 20 21 61 13
150 147 106 10 70 7
149 148 63 17
136 42 19 34
110 109 41 6
127 94 124 49 9
102 16 13 24 17
79 82 64 28
59 56 26 27
6 26 70 5 9
119 117 116 43 1
119 118 116 43 24
114 30 68 2 13
84 128 129 22 23
59 93 129 22 5
66 69 67 68 2 1
125 124 49 20
101 21 61 21
71 148 63 31
66 2 92 10 70 4
53 52 51 16 37
155 31 120 12 8
126 123 39 17 3
84 61 106 10 70 24
79 78 82 64 9
84 61 30 68 2 4
63 57 124 49 2
119 118 116 120 12 2
119 118 116 13 24 6
101 99 38 44
6 26 25 23 18 9
66 2 28 21 14
126 109 41 7
102 100 32 6
40 41 58 5
38 0 17 67 6
12 11 40 8
6 36 34 71 11
141 145 144 30 10
136 42 39 17 7
105 104 39 17 1
79 58 55 57 18
74 75 60 70 5 8
63 57 50 49 47 48 10 8
66 2 92 26 25 23 18 17
66 51 16 12
53 51 16 7
127 94 130 120 12 4
66 69 41 58 9
84 61 30 35 43 46 3
38 0 57 50 49 47 48 10 1
114 44 43 46 10
98 97 62 1
150 147 28 21 4
127 104 39 17 14
54 35 43 46 4
84 61 30 33 42 12
54 90 61 30 33 42 2
15 90 61 30 33 42 19
126 131 103 17 67 7
102 99 38 3
15 90 95 70 5 19
66 2 92 26 23 18 1
15 90 61 106 37 47 48 10 7
64 57 50 49 47 48 10 2
155 31 70 5 5
149 147 28 21 8
127 94 29 28 21 7
64 57 50 48 10 6
38 0 46 47 48 10 7
54 32 43 46 3
15 90 61 106 37 34 71 4
102 16 62 33 42 4
