1071

1192 310 109 5
1182 274 20 1
1025 405 55 5
1008 0 8 0
982 285 38 4
911 409 48 4
865 391 33 2
843 94 17 1
840 32 18 1
787 63 76 5
746 356 48 3
725 193 40 3
691 146 52 3
689 303 15 1
637 132 62 5
633 190 37 2
621 309 37 1
582 184 77 5
572 57 31 2
530 291 19 2
524 432 62 5
510 68 85 5
503 170 52 3
484 370 20 1
457 465 88 5
427 29 39 3
416 194 26 2
400 336 51 3
397 313 45 3
349 214 43 4
324 182 28 1
199 371 71 5
179 410 52 5
148 337 28 2
109 107 39 3
50 51 26 1
12 476 54 4
890 894 95 6 5
840 915 451 20 1
800 808 231 12 5
790 794 305 21 5
691 242 180 25 3
562 570 122 1 5
393 410 128 18 5
148 834 225 27 2
134 149 464 21 5
83 96 17 19 5
1 13 381 24 5
325 183 204 4 6 5
3 543 559 24 23 5
1030 292 304 198 10 5
171 450 451 27 13 5
171 858 872 135 16 5
1008 459 93 9 0
800 293 306 275 17 5
881 1091 1102 191 6 5
845 851 36 22 5
800 807 403 3 5
715 960 967 192 27 5
115 960 967 192 7 5
770 775 357 31 5
770 776 402 15 5
717 732 228 5 5
717 733 117 17 5
155 977 989 18 18 5
572 198 81 3 2
572 710 294 16 2
560 565 138 2 5
524 500 195 14 5
324 535 390 14 1
492 505 393 28 5
416 388 319 23 2
393 409 475 31 5
290 295 133 35 5
270 937 949 441 16 5
115 210 215 256 38 5
199 1194 365 12 5
157 167 733 117 9 5
157 671 682 83 9 5
134 149 367 175 16 5
134 150 352 5 5
115 804 824 141 7 5
70 72 183 25 5
49 65 245 27 5
49 68 34 41 5
3 18 454 26 5
890 292 303 295 1 5
890 292 304 198 19 5
845 116 126 289 10 5
171 422 436 69 6 5
1192 176 433 21 5
3 543 558 474 14 5
1119 86 113 125 10 5
492 291 301 347 17 5
1163 600 601 478 5 5
787 848 229 18 5
211 394 413 359 26 5
715 719 739 321 4 5
717 1141 1150 221 8 5
689 153 41 21 1
325 332 327 19 5
522 424 444 261 3 5
492 540 546 145 22 5
484 892 448 10 1
468 1080 1082 362 7 5
349 215 256 8 4
179 876 383 44 5
134 151 360 19 5
70 73 109 20 5
70 75 179 29 5
492 505 875 427 1 5
1163 183 204 4 23 5
1163 495 519 269 26 5
325 495 519 269 3 5
1163 880 886 479 5 5
1163 880 392 403 152 4 5
890 248 261 30 11 5
355 28 248 261 30 10 9
131 1090 1095 215 11 5
1119 1117 1127 97 6 5
355 655 521 531 157 3 9
1047 1042 719 739 321 1 5
1047 1046 1071 208 15 5
1030 858 872 135 7 5
911 900 908 467 20 4
890 310 313 103 14 5
890 361 372 263 12 5
881 1091 1100 449 1 5
843 828 844 78 9 1
355 28 44 220 27 9
171 28 44 220 9 5
790 900 908 467 12 5
790 900 912 323 9 5
155 977 992 447 1 5
562 935 995 1004 33 8 5
485 611 640 397 1 5
455 613 648 461 16 5
355 540 546 145 6 9
171 466 472 209 13 5
115 563 581 119 21 5
1163 1164 1179 218 12 5
1161 543 558 474 7 5
1025 616 165 46 5
881 887 242 6 5
787 506 120 19 5
787 601 478 15 5
771 394 413 359 10 5
271 773 786 123 16 5
717 734 417 17 5
715 977 992 447 3 5
290 523 539 211 7 5
485 697 1094 1113 434 22 5
621 606 626 47 6 1
561 609 630 287 20 5
522 535 390 3 5
522 537 456 36 5
522 696 704 620 105 17 5
510 1155 102 40 5
503 885 395 14 3
455 656 1091 1100 449 19 5
890 891 395 392 403 152 7 5
397 909 281 14 3
355 356 283 1 9
326 336 162 16 5
845 851 244 204 1 5
184 183 204 4 4 5
49 69 377 3 5
12 875 427 25 4
468 791 1043 1060 457 2 5
211 791 1043 1060 457 10 5
1163 600 603 233 3 5
560 744 763 217 2 5
1142 936 945 227 16 5
1047 521 531 157 2 5
1047 541 549 361 14 5
1030 745 767 149 5 5
485 742 745 767 149 12 5
881 292 304 198 6 5
890 361 371 305 279 9 5
881 365 389 150 18 5
843 828 842 386 1 1
1163 1164 828 842 386 1 5
800 1093 1109 212 39 5
790 291 301 347 5 5
790 900 907 85 7 5
561 26 35 989 18 1 5
715 902 923 187 7 5
485 826 833 379 4 5
562 935 995 1003 104 24 5
4 672 687 345 5 5
325 1093 1109 212 7 5
325 1093 1110 243 23 5
290 901 920 80 7 5
270 274 883 257 2 5
211 791 796 332 4 5
171 466 471 20 15 5
70 585 47 58 58 7 5
393 595 1165 1183 1135 414 3 5
1192 269 255 2 5
1163 1164 1180 280 3 5
845 850 363 13 5
800 802 814 124 5 5
771 781 234 31 5
0 773 786 123 4 5
633 11 258 18 2
325 495 516 412 5 5
522 538 399 9 5
326 133 147 284 11 5
427 583 43 40 3
211 465 469 174 2 5
171 178 108 24 5
134 152 426 4 5
4 19 246 6 5
4 1043 1060 457 19 5
1 13 630 287 2 5
1163 880 884 21 12 5
131 1090 1095 195 273 5 5
1142 997 1017 354 9 5
355 170 174 207 15 9
1047 521 533 1082 362 6 5
485 697 709 325 6 5
1047 1046 1078 385 18 5
1 975 979 301 35 5
1 975 981 91 15 5
397 909 981 91 15 3
131 900 909 981 91 8 5
890 361 369 226 17 5
890 673 466 471 20 18 5
881 292 305 279 36 5
800 293 309 84 5 5
845 421 429 173 21 5
845 327 339 40 7 5
171 28 42 348 12 5
340 327 339 40 9 5
115 960 612 646 264 14 5
393 855 860 158 9 5
770 1092 1105 411 7 5
717 735 622 373 33 5
717 1141 1153 339 4 5
695 939 957 22 17 5
0 1143 1158 286 18 5
562 825 830 216 14 5
561 117 128 380 4 5
355 1044 1066 121 3 9
560 606 626 47 1 5
485 742 846 852 307 10 5
355 1092 1105 411 2 9
326 364 383 48 27 5
326 857 869 199 34 5
326 903 926 148 5 5
325 331 357 13 16 5
271 1160 1170 252 7 5
270 292 305 279 6 5
211 791 846 852 307 2 5
83 791 846 852 307 1 5
232 1045 1070 346 4 5
232 1160 1170 252 4 5
212 586 593 431 10 5
155 159 555 266 7 5
155 585 47 58 58 7 5
134 859 877 258 277 13 5
115 246 256 82 4 5
0 246 256 82 10 5
0 246 254 339 40 7 5
84 85 105 436 7 5
1163 132 903 926 148 1 5
340 132 903 926 148 10 5
1119 1117 605 616 165 2 5
0 5 335 17 5
1192 377 44 18 5
1119 86 111 406 20 5
982 94 408 49 4
881 846 852 307 1 5
881 889 460 14 5
770 774 262 4 5
674 693 459 17 5
485 697 1094 1112 401 2 5
171 450 1094 1112 401 5 5
130 450 1094 1112 401 2 1
800 801 811 230 8 5
561 568 28 1 5
530 193 169 26 2
522 536 418 12 5
468 480 168 28 5
232 241 1159 160 4 5
115 210 214 350 1 5
83 791 1092 1105 411 13 5
134 153 41 16 5
4 1043 1061 334 25 5
212 247 258 277 16 5
1161 1165 1183 1135 414 21 5
1161 25 185 209 73 18 5
232 670 678 471 1 5
1142 81 92 67 37 5
1142 744 763 217 16 5
1119 81 92 67 5 5
1119 803 821 46 11 5
1119 1117 605 620 105 1 5
1047 541 548 201 1 5
522 424 425 449 64 9 5
1030 245 252 155 11 5
130 450 1043 1057 407 7 1
130 450 1043 1061 334 5 1
0 246 255 835 10 10 5
0 246 254 797 176 3 5
1030 975 981 91 2 5
83 975 981 91 3 5
881 293 309 84 17 5
485 341 348 953 388 10 5
485 341 345 620 105 9 5
881 1115 1120 369 21 5
800 28 42 348 8 5
325 327 339 40 2 5
790 291 298 171 9 5
790 423 443 462 3 5
790 657 669 90 26 5
771 855 860 158 19 5
290 230 235 440 2 5
340 132 144 353 3 5
695 1143 1158 286 11 5
212 247 259 250 2 5
674 826 833 379 3 5
155 181 193 169 17 5
562 935 944 437 2 5
561 698 711 144 2 5
1030 342 698 711 144 1 5
561 1191 1197 443 28 5
890 361 370 514 416 4 5
485 361 370 514 416 5 5
493 511 950 189 17 5
493 1191 1197 443 4 5
485 939 957 22 8 5
455 999 1023 458 31 5
355 245 252 155 13 9
355 655 293 309 84 3 9
232 81 92 67 4 5
325 1093 1107 7 13 5
271 801 811 230 1 5
270 276 1149 419 25 5
232 1081 1085 324 4 5
134 859 846 852 307 12 5
3 859 846 852 307 6 5
131 312 745 767 149 18 5
84 85 106 455 25 5
790 673 466 471 20 4 5
115 563 581 544 463 11 5
1030 1035 1169 396 60 7 5
83 975 984 404 2 5
83 975 983 472 8 5
911 89 131 43 4
911 239 329 5 4
1047 697 1094 1112 401 4 5
468 1080 364 383 48 6 5
457 147 284 43 5
70 390 396 60 9 5
397 1077 205 15 3
355 358 489 453 14 9
355 359 355 22 9
325 1190 1193 259 10 5
211 210 214 350 9 5
184 1092 1105 411 7 5
130 136 265 33 1
70 73 681 156 5 5
4 23 45 9 5
1161 1165 1188 166 2 5
1163 880 883 257 2 5
881 248 264 70 1 5
355 564 248 264 70 14 9
845 670 678 471 3 5
1163 600 670 678 471 12 5
1119 600 670 678 471 3 5
1119 86 108 254 2 5
1047 697 425 449 64 8 5
1047 938 953 388 8 5
1047 1046 1073 317 11 5
1030 450 1043 1061 334 4 5
881 341 345 620 105 5 5
845 421 430 314 21 5
115 119 124 913 312 22 5
845 362 376 423 21 5
800 327 339 40 12 5
790 450 1043 1061 334 2 5
115 960 612 642 271 8 5
717 1141 1152 235 440 16 5
715 450 1043 1061 334 10 5
715 977 612 642 271 12 5
715 977 988 52 14 5
1119 803 977 988 52 9 5
695 978 994 442 13 5
674 45 52 2 29 5
155 230 235 440 3 5
271 247 259 250 7 5
674 523 539 211 2 5
637 610 636 151 25 5
562 825 977 988 52 8 5
522 803 977 988 52 6 5
560 272 284 375 9 5
522 424 445 202 7 5
522 424 446 272 10 5
325 495 514 416 4 5
492 880 883 257 3 5
270 490 497 1074 65 245 4 5
270 490 495 514 416 9 5
485 363 381 775 357 10 5
485 363 380 783 341 20 5
485 611 639 153 17 5
455 541 548 201 6 5
455 656 1091 1098 469 10 5
890 891 395 415 77 20 5
522 424 395 415 77 2 5
400 53 331 357 13 3 3
325 1190 395 415 77 2 5
355 655 293 308 232 17 9
131 312 320 172 14 5
290 901 918 430 15 5
270 292 304 150 352 2 5
270 937 949 304 150 352 5 5
212 586 588 188 12 5
212 801 811 230 5 5
212 978 994 442 4 5
171 1001 360 367 175 8 5
157 167 876 383 19 5
155 585 587 26 9 5
561 494 585 587 26 1 5
131 312 745 769 413 2 5
3 859 876 383 4 5
1 859 876 383 16 5
493 673 466 471 20 2 5
393 595 1041 1053 42 1 5
355 540 905 930 1027 1198 56 2 9
84 80 87 634 422 13 5
843 37 445 14 1
0 773 788 293 2 5
770 777 178 20 5
770 778 197 12 5
725 713 248 31 3
715 722 106 2 5
582 332 327 42 5
400 868 450 35 3
393 412 333 44 5
271 280 177 29 5
271 283 139 5 5
232 244 204 8 5
211 465 470 164 21 5
232 81 88 928 260 15 5
171 176 433 29 5
115 311 317 163 17 5
109 729 398 20 3
70 76 19 3 5
50 135 435 11 1
2 15 147 19 5
890 891 895 237 5 5
131 1090 1096 424 1 5
1142 905 930 1027 1198 56 2 5
1119 600 563 581 544 463 3 5
1119 1117 1128 185 29 5
1047 249 269 255 1 5
1047 697 707 420 11 5
1047 1042 1054 236 12 5
1030 342 350 8 14 5
562 542 1140 1146 320 21 5
1030 827 836 570 122 1 5
890 310 314 1139 783 341 7 5
881 365 387 297 2 5
881 421 430 314 16 5
1163 1164 828 838 223 15 5
800 28 43 238 13 5
771 1162 1173 367 9 5
770 421 430 314 7 5
746 740 747 200 2 3
485 361 371 747 200 13 5
715 450 1043 1058 374 7 5
522 803 977 990 446 1 5
340 132 903 924 372 25 5
715 902 921 282 6 5
674 230 235 440 8 5
674 247 259 250 4 5
485 998 1020 394 1 5
4 998 1020 394 19 5
572 710 1064 311 7 2
155 181 191 795 74 19 5
562 542 555 266 8 5
562 935 942 101 5 5
561 609 631 292 12 5
355 1044 1065 3 6 9
524 520 526 118 17 5
455 541 552 12 9 5
455 613 647 396 8 5
845 716 743 758 9 1 5
134 962 365 387 297 1 5
393 595 465 470 164 2 5
325 1190 395 392 406 161 13 5
325 1190 395 392 402 154 1 5
397 390 396 60 2 3
393 595 598 143 25 5
355 390 396 60 30 9
355 540 547 376 10 9
340 976 987 186 9 5
325 607 627 167 8 5
845 116 124 913 312 2 5
290 901 915 451 5 5
83 791 797 176 8 5
232 1081 1088 298 8 5
212 219 54 241 25 5
212 801 812 127 9 5
184 183 202 429 5 5
157 116 124 913 312 4 5
1 273 465 470 164 8 5
131 745 769 413 11 5
84 80 213 227 5 9 5
4 48 59 344 6 5
84 85 880 883 257 6 5
2 292 304 150 352 11 5
2 540 547 376 14 5
790 657 1141 1152 235 440 5 5
468 467 827 836 570 122 5 5
393 595 828 838 223 6 5
325 595 828 838 223 1 5
131 312 828 838 223 3 5
290 904 563 581 544 463 2 5
212 586 1141 1152 235 440 12 5
49 180 188 1053 42 14 5
715 723 142 9 5
674 1094 1112 401 1 5
155 485 998 1020 394 8 5
637 398 89 43 5
582 811 230 15 5
562 571 356 283 20 5
562 181 191 795 74 11 5
562 576 61 15 5
561 542 555 266 18 5
561 494 513 342 5 5
561 567 181 1 5
492 501 99 30 5
326 334 163 382 5 5
326 133 146 568 28 15 5
0 6 343 18 5
674 247 258 18 454 1 5
1163 891 895 237 7 5
1163 1176 1179 218 19 5
1161 25 29 378 6 5
800 28 248 263 23 6 5
1161 670 678 471 6 5
1142 27 38 14 2 5
1142 231 240 79 7 5
400 391 399 765 87 3 3
1119 605 620 105 10 5
1047 1042 1056 160 446 272 6 5
1047 1042 719 738 25 19 5
1030 342 354 71 1 5
155 485 742 756 315 16 5
1030 858 875 427 12 5
1030 890 310 314 1139 783 341 6 5
845 772 782 72 4 5
800 327 337 304 9 5
355 390 937 949 304 150 352 3 9
492 1117 1128 185 3 5
770 773 785 308 5 5
770 773 788 293 5 5
746 740 751 112 11 3
717 858 875 427 7 5
715 450 977 990 446 3 5
715 720 557 349 24 5
355 655 185 208 477 8 9
340 132 142 573 239 329 6 5
695 327 337 304 3 5
695 1143 1159 160 10 5
674 230 236 65 9 5
674 906 934 338 5 5
637 610 634 422 12 5
582 166 56 852 307 4 5
562 935 941 130 4 5
560 1091 1098 469 6 5
522 495 515 316 3 5
522 858 875 427 4 5
325 1046 1073 317 4 5
674 247 1046 1073 317 4 5
493 27 38 14 6 5
561 26 27 38 14 5 5
522 803 1115 1121 41 213 5 5
355 245 249 269 255 10 9
492 1140 1146 320 6 5
845 716 743 760 444 6 5
416 388 365 387 297 12 2
400 391 398 89 7 3
355 245 250 96 1 9
340 342 354 71 19 5
326 450 977 990 446 7 5
325 450 977 990 446 4 5
325 1190 1194 365 3 5
290 901 913 312 14 5
290 81 88 928 260 1 5
271 231 240 79 11 5
271 245 250 96 2 5
270 171 176 433 4 5
83 791 891 895 237 5 5
232 1094 1112 401 2 5
232 1160 1168 466 10 5
212 82 94 408 8 5
157 116 125 115 3 5
70 133 145 322 13 5
131 139 952 210 1 5
131 273 465 470 164 9 5
84 86 108 254 22 5
83 86 108 254 16 5
560 272 285 398 89 4 5
212 272 285 398 89 6 5
1 772 782 72 2 5
70 1031 1037 16 13 5
0 7 501 99 2 5
530 521 533 1082 362 7 2
468 481 666 899 1146 320 7 5
270 171 1001 360 366 1 6 5
184 1092 607 627 167 14 5
70 133 146 568 28 4 5
800 802 816 140 4 5
562 574 331 6 5
562 577 113 3 5
455 459 93 3 5
349 462 438 40 4
211 218 39 15 5
157 168 86 48 5
49 66 75 10 5
0 10 206 18 5
1161 1165 1187 767 149 3 5
492 248 263 23 7 5
1161 1090 1096 424 11 5
1030 564 248 263 23 21 5
911 89 980 35 5 4
845 716 726 576 61 11 5
131 312 828 839 276 5 5
49 960 966 253 2 5
0 9 414 306 27 5
1 859 878 415 1 5
355 390 937 952 210 12 9
746 740 749 62 16 3
717 26 27 38 14 14 5
340 342 698 714 126 6 5
717 456 463 318 6 5
695 25 29 378 6 5
340 132 141 302 6 5
157 132 141 302 12 5
695 362 376 423 8 5
674 906 1040 1050 400 9 5
492 998 1020 394 9 5
560 25 29 378 18 5
560 25 31 288 7 5
560 606 613 647 396 10 5
560 1091 1103 38 23 5
524 520 1093 1107 7 6 5
522 495 517 358 1 5
522 696 703 15 6 5
522 858 871 1073 317 5 5
1047 697 495 517 358 7 5
493 1191 1198 56 4 5
468 467 827 835 10 19 5
416 395 392 402 154 2 2
349 215 981 91 7 4
325 595 597 270 2 5
4 672 684 439 38 5
4 740 749 62 1 5
325 1190 1195 471 20 4 5
290 595 597 270 8 5
290 595 1041 1051 732 228 8 5
290 904 928 260 28 5
271 279 580 203 3 5
232 595 1041 1051 732 228 1 5
83 791 795 74 10 5
232 1045 1068 76 27 5
326 81 88 928 260 3 5
492 1117 1118 1133 330 20 5
134 154 675 1155 102 6 5
131 273 288 326 16 5
131 900 827 835 10 5 5
70 133 391 398 89 2 5
70 1031 1038 392 20 5
2 14 860 158 20 5
1 363 380 783 341 2 5
155 485 1115 1121 41 213 8 5
468 881 1115 1121 41 213 1 5
674 230 233 749 62 1 5
560 25 185 208 477 9 5
49 180 185 208 477 3 5
468 115 311 317 163 17 5
4 20 1192 377 44 9 5
0 246 253 100 10 5
1161 248 263 23 10 5
1142 744 765 87 4 5
1119 600 604 174 207 8 5
1047 718 737 364 5 5
1030 485 1115 1121 41 213 2 5
1025 1000 327 337 304 8 5
83 975 980 35 16 5
493 856 864 537 456 8 5
1161 1164 828 839 276 1 5
800 28 44 62 544 463 6 5
800 806 1096 424 3 5
790 291 297 421 2 5
790 960 966 253 5 5
326 335 414 306 16 5
771 855 937 952 210 13 5
771 1162 1174 66 21 5
770 1162 1174 66 2 5
717 734 966 253 9 5
695 132 141 302 10 5
1142 905 929 377 44 24 5
2 540 544 463 25 5
131 273 465 1091 1103 38 4 5
582 351 369 226 12 5
524 520 1093 1107 577 113 8 5
3 325 1190 1195 471 20 5 5
270 490 498 468 2 5
211 490 498 468 8 5
561 494 495 517 358 11 5
493 741 754 470 6 5
468 115 118 681 156 9 5
131 900 1031 1038 392 2 5
455 541 553 108 254 8 5
455 656 665 98 14 5
845 716 743 757 240 7 5
416 395 392 404 340 4 2
393 409 449 64 7 5
340 1090 1096 424 14 5
290 904 901 913 312 11 5
271 278 168 86 6 5
290 1116 71 79 92 3 5
270 156 163 382 1 5
130 136 686 300 3 1
232 1160 1166 88 2 5
1 960 966 253 6 5
157 116 121 59 33 5
157 167 733 776 402 4 5
157 1118 1137 196 1 5
771 1117 1118 1137 196 8 5
134 291 297 421 9 5
131 137 261 30 5 5
84 80 213 390 937 952 210 6 5
84 80 213 858 871 1073 317 4 5
49 180 185 207 290 20 5
4 48 63 250 96 13 5
3 880 883 257 2 5
717 735 622 872 135 6 5
715 902 903 925 53 11 5
695 132 903 925 53 2 5
493 673 690 345 620 105 7 5
674 247 609 631 292 8 5
493 1191 903 925 53 8 5
561 117 802 816 140 6 5
2 540 291 297 421 9 5
212 82 94 430 314 12 5
212 272 286 438 251 9 5
1142 744 766 335 414 306 13 5
1161 1165 1186 244 10 5
1161 248 265 54 11 5
1161 670 679 31 24 5
1119 605 619 134 9 5
1030 485 489 453 5 5
493 856 867 11 1 5
790 423 438 251 10 5
790 657 48 63 250 96 6 5
790 657 48 64 299 10 5
787 601 253 100 22 5
771 394 414 306 13 5
770 421 428 296 3 5
770 718 737 364 4 5
393 410 373 1109 212 4 5
695 132 143 267 22 5
134 465 1091 1103 38 13 5
572 562 577 113 5 2
355 1044 1067 49 9 9
560 606 613 648 1076 247 8 5
155 614 652 144 353 17 5
524 520 390 937 952 210 1 5
524 520 527 50 5 5
271 245 249 268 366 11 5
2 4 740 748 384 4 5
493 1191 1196 114 30 5
492 507 217 137 4 5
468 1080 1031 1038 392 2 5
468 1080 364 385 1017 354 5 5
455 743 757 240 26 5
355 132 143 267 1 9
770 421 431 1097 387 13 5
271 231 239 329 33 5
674 45 231 239 329 2 5
561 494 585 47 57 300 428 296 18 5
84 46 47 57 300 428 296 12 5
270 71 79 92 3 5
270 171 1001 1028 268 4 5
270 672 684 439 5 5
270 672 686 300 19 5
717 456 156 163 382 8 5
1119 600 456 156 163 382 5 5
232 1045 156 163 382 1 5
211 210 217 137 24 5
1119 600 210 217 137 4 5
184 181 195 273 15 5
184 845 716 743 762 351 20 5
468 881 133 391 398 89 9 5
131 130 656 665 98 14 5
131 132 143 267 8 5
131 745 768 239 3 5
83 115 118 681 156 1 5
83 115 120 129 14 5
49 997 1015 224 8 5
3 595 1041 1051 732 228 1 5
2 600 210 217 137 17 5
2 672 686 300 4 5
3 325 672 686 300 3 5
1 363 380 214 350 14 5
1 859 879 195 273 22 5
84 85 939 958 1097 387 5 5
674 247 1046 1074 65 245 1 5
131 130 136 686 300 3 5
84 46 48 64 299 5 5
2 4 48 60 398 89 4 5
2 4 48 64 299 3 5
524 520 310 314 1139 783 341 2 5
1161 670 680 389 6 5
1142 936 946 552 12 10 5
1030 1035 1169 444 261 12 5
840 828 839 276 5 1
790 423 441 425 14 5
715 361 373 1109 212 6 5
695 362 377 44 6 5
695 699 544 463 27 5
560 606 623 37 11 5
510 492 494 585 47 57 300 428 296 1 5
510 492 494 231 239 329 1 5
84 249 268 366 4 5
1 363 379 758 9 3 5
340 450 454 55 8 5
340 743 757 240 8 5
340 1090 1097 387 23 5
290 904 563 579 110 4 5
270 961 970 328 7 5
212 586 363 379 758 9 4 5
212 718 737 364 1 5
211 156 163 382 18 5
211 156 164 473 11 5
83 115 960 966 253 1 5
184 1092 607 628 60 398 89 16 5
771 394 541 553 108 254 6 5
84 82 94 430 314 11 5
83 772 782 72 3 5
49 180 189 428 12 5
1161 543 180 189 428 7 5
326 857 180 189 428 11 5
355 1044 1062 565 138 5 9
3 325 450 454 55 3 5
1025 1000 327 337 665 98 11 5
770 1162 1175 908 467 10 5
674 247 260 763 217 1 5
637 610 612 642 271 5 5
637 610 636 1070 346 3 5
2 600 210 740 748 384 12 5
468 467 477 336 162 9 5
232 1094 1114 111 406 8 5
184 181 197 382 219 16 5
157 116 123 785 308 2 5
157 543 180 189 428 2 5
468 881 421 431 1097 387 3 5
1161 670 677 368 7 5
1119 605 617 159 3 5
1030 485 361 363 379 758 9 11 5
1142 936 935 995 1003 96 17 10 5
560 423 441 425 12 5
674 230 249 268 366 1 5
3 325 672 685 480 168 3 5
493 490 498 468 2 5
493 495 517 358 4 5
457 455 743 762 351 1 5
457 455 456 156 164 473 3 5
510 492 420 425 448 278 5 5
355 655 293 306 379 758 9 1 9
340 344 634 422 4 5
184 904 563 579 110 14 5
184 904 563 580 203 12 5
83 86 110 249 2 5
468 881 133 391 401 111 3 5
83 115 1090 1097 387 1 5
12 16 565 138 37 4
3 595 743 762 351 3 5
3 595 1041 1052 116 12 5
2 14 860 703 15 8 5
1119 605 618 295 133 10 5
349 342 698 714 126 11 4
695 1143 741 754 470 2 5
493 673 670 677 368 7 5
674 247 1046 1076 247 7 5
270 998 1019 747 200 1 5
0 611 605 618 295 133 4 5
561 1044 1062 565 138 11 5
3 325 672 685 565 138 3 5
157 671 672 685 565 138 3 5
270 961 740 748 384 12 5
270 961 740 750 640 397 4 5
510 492 502 1132 948 222 17 5
232 1094 1112 31 288 5 5
184 845 847 1062 565 138 1 5
468 1080 1031 1036 1166 88 6 5
1030 485 361 363 382 219 5 5
1025 832 282 452 16 5
865 856 867 11 9 2
493 249 268 366 5 5
457 455 456 156 165 136 10 5
199 88 928 260 18 5
84 391 401 111 4 5
83 791 116 123 785 308 1 5
674 998 1019 747 200 15 5
510 492 998 1019 747 200 1 5
157 0 611 605 618 295 133 1 5
3 595 598 295 133 14 5
572 562 181 197 382 219 6 2
561 117 802 740 750 640 397 5 5
560 423 440 650 941 130 15 5
560 423 442 208 477 8 5
524 520 390 937 948 222 8 5
493 325 740 750 640 397 11 5
493 325 672 684 448 278 5 5
468 1080 364 383 967 192 9 5
572 710 697 425 448 278 3 2
271 655 293 306 379 758 9 8 5
270 71 78 884 21 6 5
83 791 891 899 1146 320 9 5
49 791 891 899 1146 320 10 5
212 586 1141 1154 139 952 210 2 5
232 1081 1086 348 953 388 16 5
184 845 847 1062 565 757 240 6 5
134 465 563 580 203 4 5
355 170 175 13 630 287 2 9
155 170 175 13 630 287 9 5
1030 485 1115 1122 1109 212 1 5
1182 1165 1186 244 6 1
1008 995 1003 96 17 2 0
725 716 743 757 240 9 3
725 716 743 762 351 2 3
493 325 672 685 565 757 240 1 5
199 182 200 1073 317 14 5
199 88 928 952 210 7 5
199 1029 966 253 23 5
83 115 361 363 382 219 2 5
771 1117 116 123 785 308 12 5
725 713 698 714 126 1 3
674 826 831 979 301 10 5
184 611 605 618 295 133 5 5
572 198 182 200 1073 317 3 2
560 996 1011 652 144 353 1 5
184 904 901 918 652 144 353 3 5
184 611 614 651 6 12 5
1030 485 611 614 651 6 5 5
271 281 458 207 290 11 5
232 1081 1141 1154 139 952 210 7 5
232 1160 1167 470 164 13 5
148 133 391 401 111 5 2
84 80 213 858 873 639 153 13 5
134 465 563 578 553 108 254 9 5
982 975 980 35 9 4
715 721 68 34 5 5
493 495 518 235 15 5
349 342 353 1146 320 9 4
131 900 827 835 527 50 2 5
3 880 156 165 136 5 5
349 342 450 454 55 1 4
155 170 173 1085 324 8 5
674 247 258 872 135 6 5
633 610 636 1070 346 2 2
560 423 439 642 271 4 5
457 455 458 207 290 5 5
427 420 425 448 278 3 3
324 312 828 839 276 1 1
232 791 891 899 1146 320 1 5
199 88 7 501 99 5 5
84 80 213 858 871 838 223 1 5
83 80 213 858 871 838 223 13 5
674 247 1046 1072 430 314 2 5
109 86 110 249 6 3
1030 485 742 756 38 14 7 5
1182 453 877 258 872 135 6 1
1008 995 1005 1028 268 1 0
674 906 903 924 415 77 4 5
493 673 466 475 263 23 6 5
524 500 492 998 1019 747 200 10 5
468 485 742 756 38 14 3 5
484 892 890 310 314 1139 783 341 1 1
427 420 426 284 375 11 3
427 583 564 248 265 54 4 3
109 729 408 392 406 430 314 1 3
109 729 408 392 404 340 2 3
84 485 742 756 38 14 1 5
843 37 26 27 38 14 3 1
50 45 231 239 329 8 1
155 170 172 993 1176 1179 218 3 5
770 773 789 1020 1179 218 12 5
843 37 26 27 41 213 3 1
522 696 704 383 967 192 2 5
232 1160 1169 444 261 2 5
84 485 611 614 650 941 130 1 5
691 242 1130 1117 116 123 785 308 8 3
1047 170 172 993 1176 1179 218 1 5
843 37 26 34 783 341 2 1
771 770 773 789 1020 1179 218 8 5
725 716 724 348 953 388 6 3
633 610 1091 1103 38 7 2
633 610 605 618 295 133 5 2
3 880 1046 1072 430 314 8 5
324 312 322 981 91 6 1
212 978 993 1176 1179 218 7 5
179 171 176 990 446 7 5
179 171 422 434 1198 56 9 5
179 171 490 498 468 4 5
725 713 698 712 574 331 5 3
1182 453 450 454 55 1 1
691 242 1130 1117 116 124 415 77 8 3
689 673 466 475 263 23 1 1
865 799 791 891 899 1146 320 2 2
503 492 998 1019 747 200 3 3
484 892 890 310 314 934 338 8 1
324 312 595 598 295 133 1 1
148 834 826 831 979 301 4 2
695 362 376 385 1017 354 4 5
695 362 377 886 479 9 5
109 86 112 952 210 22 3
83 115 1090 1097 1096 424 2 5
148 834 1024 1000 327 337 665 98 6 2
84 485 939 958 1097 1096 424 1 5
232 1160 1167 470 193 169 3 5
270 1080 362 377 886 479 4 5
725 716 724 348 354 71 3 3
746 818 803 1115 1122 1109 212 1 3
524 299 291 297 421 2 5
400 868 857 180 189 428 1 3
865 856 864 537 42 348 9 2
3 880 1046 1076 480 168 15 5
493 495 519 470 193 169 1 5
270 1080 1160 1167 470 193 169 1 5
503 492 508 295 133 8 3
50 45 231 240 989 18 1 1
12 1 363 382 219 7 4
179 171 826 831 979 301 14 5
746 818 803 1115 1122 1109 301 347 11 3
1182 453 450 1043 1059 1103 38 1 1
1182 453 450 1043 1059 18 454 1 1
633 11 0 611 614 650 941 130 1 2
503 492 494 585 47 57 300 777 178 3 3
212 978 993 1176 923 187 6 5
1182 453 450 1043 1059 264 70 3 1
484 468 485 939 958 1097 1096 424 1 1
561 117 170 172 993 1176 923 187 1 5
522 696 704 383 967 1186 244 9 5
503 492 998 1020 1179 218 9 3
484 468 485 939 957 409 449 64 2 1
349 462 456 156 165 136 6 4
982 975 939 957 409 449 64 3 4
270 1080 1160 1169 444 463 318 2 5
503 885 880 1046 1076 480 168 4 3
691 674 906 903 924 415 77 2 3
12 1 859 879 195 35 989 18 2 4
691 674 673 466 475 263 23 3 3
109 729 716 724 348 354 71 8 3
416 388 307 293 306 379 758 9 3 2
503 328 325 672 685 565 757 240 4 3
982 975 939 958 1097 1096 19 246 2 4
397 1077 1046 1076 480 168 3 3
484 468 1080 1160 1169 444 463 318 8 1
134 465 563 578 553 108 173 1085 324 2 5
503 328 325 1190 1191 903 925 430 314 1 3
416 388 307 293 306 379 193 169 4 2
633 610 612 644 1097 1096 19 246 5 2
691 242 232 1160 1169 444 463 684 448 278 2 3
621 479 468 1080 1160 1169 444 463 684 448 278 7 1
