1083

1163 394 51 5
1149 440 108 5
1092 287 42 3
1047 218 49 4
1032 210 30 3
998 35 73 5
990 171 25 0
957 10 34 2
888 132 11 0
859 312 40 1
853 215 56 5
828 322 17 1
824 73 25 0
819 243 25 0
790 241 64 4
787 474 56 3
785 430 68 5
772 349 31 1
765 82 53 5
712 11 92 5
650 409 73 5
648 273 40 2
616 261 53 4
606 381 48 4
583 297 54 5
546 216 50 4
493 167 36 1
490 112 113 5
466 28 69 3
449 5 56 3
434 37 58 5
433 50 17 2
398 95 43 1
392 459 25 0
390 427 56 2
381 292 36 2
355 305 40 3
316 65 36 3
293 415 38 1
279 96 41 1
244 52 53 3
228 422 46 2
174 478 13 0
69 81 18 0
65 91 20 0
55 34 81 5
11 418 34 1
765 566 358 38 5
650 824 73 22 5
326 333 92 19 5
212 221 412 10 5
141 148 124 6 5
117 129 99 37 5
101 111 88 21 5
0 4 316 1 5
0 497 514 383 4 5
378 903 919 400 3 5
853 439 128 17 5
326 770 774 178 3 5
192 655 658 148 19 5
143 655 658 148 5 5
142 666 673 123 1 5
45 596 610 360 15 5
538 595 602 177 15 5
162 595 602 177 17 5
586 1038 1053 278 17 5
583 929 223 23 5
353 364 319 9 5
301 1142 1153 283 4 5
230 783 798 147 26 5
238 258 231 17 5
193 207 379 10 5
162 178 159 12 5
143 157 431 1 5
118 132 157 7 5
116 119 138 229 6 5
79 96 246 2 5
36 43 373 19 5
238 10 33 77 22 5
6 10 33 77 4 5
35 160 171 107 17 5
35 160 172 117 4 5
586 808 806 816 428 8 5
102 811 839 230 10 5
164 186 205 7 5
451 784 804 208 40 5
665 666 673 123 22 5
648 626 649 468 7 2
449 704 356 17 3
378 376 386 390 5 5
353 371 80 14 5
350 954 968 461 3 5
329 412 424 421 2 5
326 1061 1062 1079 301 1 5
326 1061 1062 1077 71 1 5
301 1142 695 702 166 19 5
301 1142 695 701 221 2 5
239 46 59 364 36 5
586 140 783 798 147 4 5
230 932 942 146 5 5
230 234 33 4 5
164 185 740 307 17 5
142 151 1181 345 20 5
102 114 128 2 12 5
101 1061 1062 1077 71 3 5
79 95 100 22 5
36 1003 1018 169 12 5
192 1030 1003 1018 169 2 5
6 16 298 15 5
190 352 361 327 5 5
141 352 361 327 20 5
957 951 960 353 10 2
350 213 227 442 9 5
727 874 891 408 3 5
586 808 827 67 21 5
301 304 322 378 28 5
230 304 322 378 5 5
329 563 578 464 10 5
230 1156 1167 164 10 5
451 697 709 196 8 5
6 10 27 143 15 5
377 697 709 196 14 5
0 697 709 196 8 5
353 1112 1128 127 14 5
235 536 549 39 21 5
230 954 968 461 36 5
142 412 424 421 13 5
141 761 766 97 22 5
117 412 424 421 2 5
35 160 166 386 19 5
0 160 166 386 14 5
0 729 747 359 4 5
1149 21 55 29 5
957 662 314 21 2
665 951 960 353 13 5
650 1083 276 29 5
162 595 601 335 30 5
116 595 601 335 4 5
583 929 926 51 16 5
436 871 881 1132 262 10 5
433 290 362 36 2
377 389 913 75 11 5
377 1110 1120 193 4 5
316 415 134 29 3
262 274 224 29 5
210 218 302 9 5
141 461 950 955 326 9 5
192 562 575 285 30 5
191 904 926 51 9 5
142 153 393 22 5
116 119 136 457 18 5
102 114 774 178 5 5
79 98 41 21 5
45 46 59 364 1 5
45 46 58 212 6 5
45 46 54 195 2 5
55 944 197 36 5
35 40 192 21 5
0 1115 1139 139 6 5
193 931 1115 1139 139 19 5
1140 352 361 327 7 5
1140 435 442 165 23 5
192 1030 1034 142 26 5
900 902 1114 1135 451 4 5
870 873 884 460 35 5
329 808 827 67 19 5
329 808 830 60 6 5
100 775 502 530 189 9 5
680 328 343 391 20 5
353 352 361 327 9 5
329 563 579 176 18 5
665 666 874 891 408 7 5
377 666 874 891 408 5 5
36 43 306 32 4 5
162 755 759 456 8 5
0 755 759 456 26 5
586 782 793 288 14 5
162 782 793 288 7 5
142 500 782 793 288 6 5
451 49 71 3 12 5
7 10 27 143 17 5
7 10 29 238 9 5
436 78 94 376 12 5
143 730 266 290 362 4 5
353 1112 1129 405 122 2 5
301 5 12 24 9 5
235 1111 1124 387 4 5
210 725 735 104 4 5
164 163 183 188 4 5
164 667 695 701 221 9 5
117 115 122 369 21 5
0 160 170 247 2 5
101 1004 1021 407 4 5
7 501 528 413 12 5
1089 1085 1091 423 16 5
102 1036 1043 419 4 5
142 1087 1099 255 6 5
805 760 1113 1131 293 16 5
583 419 133 29 5
434 1102 323 34 5
378 394 40 13 5
354 373 83 27 5
326 1085 1091 423 6 5
193 950 955 326 1 5
192 562 573 135 17 5
191 904 924 354 1 5
36 44 280 34 5
162 178 838 140 2 5
45 48 68 93 15 5
230 461 950 955 326 1 5
7 1159 1180 260 5 5
1140 1141 1147 320 6 5
1140 9 24 160 19 5
117 580 584 402 380 5 5
0 580 584 402 380 2 5
1140 1195 1199 121 2 5
1089 498 519 350 24 5
162 498 519 350 8 5
192 1030 1160 1184 56 6 5
900 303 319 127 87 28 5
872 264 283 329 19 6
872 883 283 329 2 6
872 874 891 408 1 6
870 875 896 476 10 5
538 1195 1199 121 5 5
212 1195 1199 121 9 5
143 655 657 454 18 5
164 185 740 1055 289 14 5
680 304 322 378 1 5
665 266 290 362 2 5
665 951 959 1137 190 23 5
301 300 306 32 17 5
586 755 759 456 9 5
162 537 554 211 8 5
326 770 460 465 396 8 5
680 463 460 465 396 5 5
329 563 460 465 396 2 5
378 812 844 181 1 5
329 563 1035 1040 114 5 5
0 697 711 346 17 5
230 5 12 24 22 5
6 5 12 24 1 5
230 620 628 445 10 5
230 954 969 331 1 5
210 725 731 46 24 5
190 682 694 183 2 5
142 562 573 135 31 5
117 412 423 217 14 5
116 124 299 27 12 5
0 160 167 1171 275 8 5
0 160 168 131 6 5
141 1064 781 792 106 2 5
193 931 904 924 354 8 5
230 1156 1158 1160 1184 56 9 5
79 450 585 588 337 186 19 5
1163 754 398 30 5
162 1001 1011 237 18 5
1032 1124 387 20 3
828 817 401 32 1
785 186 205 49 5
785 334 59 14 5
326 770 77 90 119 5 5
765 309 472 18 5
712 336 294 19 5
606 1136 274 22 4
6 499 524 248 3 5
79 535 540 452 21 5
101 482 494 72 10 5
79 849 868 377 4 5
351 396 399 462 1 5
326 333 90 119 15 5
326 335 103 18 5
301 1142 1151 268 12 5
230 932 940 410 20 5
235 240 38 44 5
235 243 44 13 5
210 215 310 36 5
192 203 324 30 5
164 188 187 24 5
164 667 679 351 20 5
162 180 200 24 5
141 150 272 11 5
117 127 87 17 5
326 770 539 557 227 11 5
192 770 539 557 227 17 5
100 103 321 28 5
79 76 85 213 6 5
378 903 620 628 445 1 5
79 97 313 5 5
36 950 955 326 12 5
35 37 234 26 5
191 1155 1159 1180 260 8 5
1140 1141 1146 375 17 5
1089 8 22 341 19 5
35 8 22 341 12 5
102 1036 1046 242 5 5
978 597 614 158 11 5
978 930 936 479 5 5
350 213 226 340 31 5
900 901 911 235 27 5
900 901 914 125 4 5
262 265 286 436 2 5
870 873 887 141 3 5
538 1002 1005 1026 299 10 5
329 808 831 382 8 5
353 1112 622 638 365 14 5
329 808 806 814 271 5 5
329 430 432 399 9 5
301 430 432 399 6 5
301 430 462 76 85 213 15 5
100 775 502 534 420 1 5
143 655 659 426 19 5
451 698 714 202 8 5
727 726 740 1055 289 7 5
118 945 76 85 213 12 5
301 430 945 76 85 213 7 5
680 681 684 175 28 5
45 596 613 151 14 5
116 595 604 521 251 25 5
586 437 448 403 10 5
586 1113 1131 293 3 5
538 537 554 211 9 5
466 460 465 396 24 3
451 812 844 181 2 5
7 10 28 416 8 5
143 730 751 201 24 5
680 463 327 341 406 14 5
230 1156 410 414 315 1 5
79 450 461 471 450 21 5
100 775 461 471 450 11 5
192 1030 1033 361 327 3 5
665 563 1035 1040 114 5 5
451 812 302 312 463 9 5
235 536 550 162 16 5
190 682 688 405 12 5
6 682 688 405 5 5
190 807 481 487 388 14 5
141 761 767 66 10 5
141 1064 481 487 388 5 5
141 1110 1120 193 2 5
101 140 144 437 14 5
101 781 792 106 7 5
45 761 767 66 10 5
45 1110 1120 193 6 5
35 621 635 348 17 5
35 954 969 331 20 5
117 412 1160 1183 173 2 5
7 1000 499 524 248 10 5
162 1001 1013 332 6 5
0 580 1001 1013 332 21 5
1092 645 286 16 3
650 691 366 15 5
45 596 607 94 16 5
546 889 252 1 4
490 482 494 72 1 5
490 819 243 2 5
355 1074 236 8 3
354 372 7 3 5
351 357 534 420 21 5
351 358 79 14 5
118 1037 951 961 8 8 5
293 371 80 5 1
212 211 220 389 4 5
212 224 22 15 5
210 216 232 43 5
212 1195 267 299 27 1 5
191 199 361 20 5
164 185 1100 199 5 5
143 156 267 23 5
118 134 194 149 20 5
79 535 539 557 227 6 5
100 104 110 15 5
35 39 207 14 5
0 729 749 568 123 404 4 5
538 1141 1146 375 10 5
1140 435 440 84 3 5
1140 435 444 249 1 5
0 497 511 470 1 5
900 411 419 133 4 5
900 902 917 19 7 5
142 500 526 363 10 5
805 303 319 127 87 4 5
301 430 431 163 13 5
235 430 431 163 1 5
235 430 462 474 429 17 5
727 655 659 426 22 5
436 437 448 403 5 5
436 730 751 201 1 5
436 871 880 342 21 5
350 410 414 315 20 5
329 1035 1040 114 7 5
262 480 485 385 6 5
0 697 710 144 1 5
238 901 914 125 2 5
100 620 628 445 8 5
45 1110 1116 69 10 5
326 237 1110 1118 352 9 5
326 237 1110 1116 69 4 5
193 931 1115 1137 190 3 5
100 775 778 1091 423 9 5
190 192 1030 1033 361 327 8 5
174 161 264 283 329 1 0
143 496 264 283 329 4 5
6 5 10 28 416 18 5
1092 851 258 19 3
888 882 277 14 0
326 847 860 333 11 5
853 703 309 41 5
712 424 421 15 5
100 596 607 94 2 5
546 768 4 29 4
490 482 492 439 3 5
193 375 380 206 38 5
378 376 385 1154 1170 136 20 5
316 721 355 18 3
262 272 6 16 5
193 206 343 11 5
262 265 267 299 27 15 5
190 807 821 633 68 17 5
143 155 47 6 5
586 1038 1063 1080 411 9 5
69 149 471 7 0
102 696 707 198 14 5
0 580 1001 1010 963 264 4 5
1089 1086 1094 281 26 5
351 1086 1094 281 8 5
102 1036 1042 152 6 5
978 35 39 207 4 5
45 50 954 970 113 8 5
978 77 90 119 27 5
978 497 511 470 22 5
978 930 934 308 4 5
900 411 416 29 8 5
872 435 444 249 16 6
872 500 526 363 10 6
805 810 836 447 16 5
805 1158 1176 109 5 5
212 1195 1197 733 1018 169 2 5
451 698 713 425 18 5
451 784 801 443 10 5
353 352 363 367 15 5
648 626 651 337 13 2
116 595 603 137 5 5
116 595 602 59 364 3 5
538 599 618 336 2 5
143 848 865 469 22 5
301 300 308 395 11 5
79 535 544 102 15 5
235 430 437 448 403 4 5
117 10 28 416 19 5
434 1102 215 310 9 5
1140 979 775 778 1091 423 6 5
353 1112 1127 120 17 5
239 697 710 144 43 5
210 218 80 126 4 5
190 700 722 402 13 5
164 163 184 174 12 5
141 1064 1084 446 3 5
101 1004 1023 334 10 5
79 261 269 16 8 5
978 930 261 269 16 20 5
55 46 54 195 13 5
45 52 703 309 22 5
45 761 767 284 306 11 5
978 497 211 220 389 7 5
193 625 623 211 220 389 4 5
235 1111 1161 1190 161 2 5
0 1111 1161 1190 161 13 5
116 808 806 814 271 9 5
805 303 1110 1116 69 8 5
451 698 622 638 365 2 5
210 725 728 742 518 434 10 5
1047 777 101 32 4
998 289 105 22 5
606 1019 49 11 4
378 392 459 5 5
326 337 186 3 5
293 371 827 67 4 1
210 217 89 20 5
143 263 267 299 27 3 5
191 197 170 21 5
190 194 149 13 5
190 195 116 6 5
174 44 280 11 0
164 187 203 7 5
142 1063 1080 411 8 5
118 134 423 217 21 5
116 123 404 3 5
101 110 145 5 5
6 682 691 366 26 5
191 1155 1166 1066 1 2 5
538 1141 1144 209 4 5
1140 9 25 54 13 5
0 580 1001 1012 458 8 5
1047 1036 1042 152 17 4
978 35 38 417 2 5
978 35 41 70 18 5
978 930 261 270 883 283 329 10 5
190 977 993 466 20 5
378 903 922 346 118 1 5
235 430 462 1161 1190 161 3 5
872 435 442 955 326 1 6
872 500 527 392 5 6
870 236 245 240 38 9 5
650 824 807 821 633 68 10 5
805 35 41 70 1 5
805 35 954 970 113 11 5
235 430 945 76 84 792 106 16 5
378 376 76 84 792 106 4 5
680 463 478 371 13 5
680 681 686 179 7 5
805 35 784 801 443 5 5
805 35 784 804 465 396 3 5
665 266 289 105 5 5
665 266 292 534 420 1 5
262 266 292 534 420 17 5
353 352 359 370 6 5
805 760 352 359 370 15 5
665 681 686 179 2 5
805 35 626 651 337 4 5
606 596 607 94 12 4
350 213 845 848 865 469 1 5
538 1002 845 848 865 469 1 5
142 1087 1098 441 2 5
586 230 233 42 4 5
436 300 308 395 12 5
586 755 757 172 18 5
586 905 928 26 21 5
353 535 544 102 6 5
538 537 325 330 296 12 5
538 537 551 424 17 5
117 10 31 20 1 5
436 230 233 42 16 5
436 230 1112 1127 120 14 5
398 395 871 880 342 7 1
193 375 382 9 6 5
212 1195 413 429 12 1 5
326 1085 1036 1042 152 1 5
7 1000 499 1036 1042 152 2 5
354 849 868 377 28 5
350 755 757 172 5 5
262 272 248 438 9 5
193 625 561 570 473 1 5
45 930 261 270 883 283 329 1 5
143 496 264 280 25 14 5
142 151 1181 644 58 14 5
142 953 965 444 9 5
118 1038 1050 87 150 1 5
118 1038 1052 384 17 5
100 395 871 880 342 16 5
116 539 558 57 14 5
102 160 168 131 11 5
900 902 1114 1133 283 329 1 5
451 698 699 721 355 1 5
262 480 699 721 355 1 5
212 480 699 721 355 15 5
451 698 1114 1133 283 329 7 5
853 59 364 1 5
805 811 838 140 13 5
772 429 12 1 1
381 375 382 9 14 2
381 990 171 15 2
141 149 471 16 5
117 115 120 219 20 5
118 135 338 9 5
101 109 220 14 5
1163 1155 1166 1066 1 5 5
100 395 871 882 277 1 5
45 761 871 882 277 4 5
1149 1141 1144 209 1 5
1140 1001 1012 458 15 5
1089 660 661 455 25 5
1089 1109 71 3 20 5
1032 1030 1033 361 327 3 3
665 681 1060 1066 1 27 5
436 230 1156 1168 503 15 7 5
262 265 288 467 12 5
235 430 462 1161 1186 23 1 5
872 435 441 45 13 6
872 585 591 414 19 6
872 585 593 36 6 6
870 236 246 111 21 5
870 875 894 245 4 5
870 1157 1170 136 1 5
805 303 1110 1119 108 4 5
805 760 763 256 4 5
805 809 833 199 361 5 5
212 1195 1198 30 7 5
727 502 529 328 7 5
727 945 946 17 31 5
665 563 577 300 14 5
616 597 614 158 8 4
606 596 609 226 14 4
900 213 845 848 865 469 7 5
326 1085 1088 1104 865 469 3 5
586 585 593 36 11 5
451 49 72 86 15 5
451 846 857 368 2 5
436 10 31 20 2 5
436 730 753 90 4 5
377 666 672 138 17 5
377 666 1036 1042 152 19 5
1140 979 775 502 529 328 11 5
102 696 775 502 529 328 13 5
353 435 441 45 9 5
353 435 443 372 11 5
350 1037 951 961 8 12 5
326 1085 1090 257 2 5
101 140 783 797 265 1 5
1140 580 1001 1012 458 9 5
1140 580 1001 1014 191 8 5
538 1002 1005 1001 1014 191 22 5
116 539 559 156 2 5
100 539 559 156 6 5
193 267 296 284 19 5
193 267 299 27 8 5
190 192 202 239 15 5
141 435 443 372 17 5
7 18 28 416 11 5
193 625 623 644 58 1 5
538 1002 1005 1004 1023 334 3 5
142 953 1004 1023 334 8 5
102 696 775 1004 1023 334 18 5
212 461 470 16 298 2 5
162 498 519 470 1014 191 10 5
538 450 461 470 1014 191 1 5
490 482 461 470 16 298 5 5
490 482 461 470 1014 191 4 5
6 682 690 62 12 5
1140 580 581 449 5 5
1140 580 846 857 368 5 5
665 681 1060 1069 1183 173 1 5
978 497 515 194 11 5
900 902 916 222 17 5
900 213 667 677 374 13 5
900 213 667 678 154 3 5
351 357 1116 69 6 5
900 1036 1042 152 1 5
262 265 1161 1186 23 10 5
451 952 963 264 12 5
870 873 886 61 11 5
870 213 667 678 154 3 5
228 213 845 851 258 1 2
805 810 837 64 18 5
262 263 276 48 13 5
787 780 791 347 5 3
787 780 1142 1151 268 5 3
329 770 411 416 29 9 5
727 655 846 857 368 2 5
727 698 1114 1134 1096 1118 352 4 5
727 726 739 180 10 5
727 698 622 640 53 11 5
378 376 76 84 28 416 16 5
118 376 76 84 28 416 3 5
680 328 346 118 11 5
665 681 687 129 4 5
650 626 651 337 1 5
326 1085 1088 1105 1199 121 5 5
235 430 462 474 605 290 5 5
598 599 618 336 3 5
598 655 846 857 368 5 5
598 655 846 858 263 11 5
583 929 905 928 26 3 5
212 1195 1162 1194 591 414 12 5
538 49 72 86 2 5
538 450 457 317 1 5
193 931 938 433 2 5
377 413 429 12 6 5
7 1000 1007 133 531 180 200 8 5
353 624 646 303 13 5
351 0 2 14 23 5
351 396 402 380 16 5
351 396 404 30 168 2 5
212 1195 396 404 30 168 5 5
351 811 838 140 12 5
350 356 432 399 11 5
212 450 457 317 18 5
239 236 411 416 29 9 5
586 585 590 284 306 1 5
239 236 246 111 4 5
239 236 249 240 16 5
680 463 783 797 265 3 5
350 755 783 797 265 3 5
6 5 12 1182 43 16 5
228 213 667 678 154 6 2
805 809 585 590 284 306 4 5
36 681 585 590 284 306 9 5
665 463 327 341 590 284 306 5 5
143 496 507 318 3 5
436 230 496 264 284 306 5 5
436 78 396 404 30 168 6 5
436 78 396 405 122 11 5
378 230 496 264 284 306 6 5
378 230 496 507 318 14 5
193 230 496 507 318 9 5
102 230 496 507 318 6 5
117 115 121 453 6 5
118 376 387 214 12 5
101 397 408 63 7 5
7 1000 1006 259 9 5
727 945 948 644 58 2 5
870 1005 1004 1023 334 6 5
712 89 77 90 119 6 5
262 263 267 299 27 3 5
45 52 881 1132 262 1 5
1089 660 663 759 456 20 5
238 625 623 644 58 8 5
978 497 495 503 15 5 5
378 903 923 1168 503 15 11 5
900 1036 1044 270 4 5
870 1157 1171 275 16 5
212 1195 810 837 64 2 5
727 698 622 643 250 5 5
118 376 76 87 150 8 5
680 328 345 266 12 5
606 596 609 581 449 4 4
727 430 462 474 605 290 1 5
102 230 1156 1169 182 6 5
45 580 584 24 160 8 5
351 0 580 584 24 160 3 5
490 482 461 471 827 67 1 5
235 482 461 471 827 67 1 5
381 375 383 269 6 2
378 931 938 433 21 5
190 192 931 938 433 3 5
377 210 217 89 3 5
377 666 673 138 229 9 5
353 368 913 75 4 5
212 450 453 304 2 5
212 450 454 432 8 5
772 723 700 722 402 6 1
239 783 797 265 7 5
238 901 910 228 10 5
228 213 667 676 150 272 4 2
228 213 229 714 202 4 2
102 230 461 470 16 1042 152 5 5
118 115 121 453 21 5
118 1038 1051 13 6 5
36 904 925 416 29 2 5
102 230 1060 1070 751 201 3 5
36 681 1060 1070 751 201 1 5
870 1005 1004 1019 49 7 5
326 847 621 633 68 10 5
436 78 396 1039 1055 289 2 5
102 230 1039 1055 289 6 5
102 230 1039 1059 253 17 5
36 230 1039 1059 253 6 5
665 352 362 306 32 13 5
538 49 397 408 63 8 5
351 0 1 1051 13 12 5
239 783 800 1051 13 10 5
238 0 1 1051 13 16 5
101 0 1 1051 13 4 5
118 1038 1053 1 1051 13 2 5
101 140 145 157 431 8 5
1163 1155 1159 1182 43 16 5
1149 1141 1148 254 12 5
900 1036 1048 528 413 3 5
262 265 1161 1187 607 94 3 5
805 1158 1161 1187 607 94 4 5
872 500 782 794 330 9 6
872 874 889 252 11 6
872 874 893 31 10 6
326 847 1159 1182 43 4 5
785 186 4 316 1 5
765 760 763 256 15 5
727 430 931 904 925 416 29 3 5
727 430 931 938 433 2 5
712 89 77 88 503 15 11 5
727 945 1039 1059 253 5 5
727 945 76 87 150 3 5
598 596 611 1081 448 7 5
598 596 609 581 449 2 5
598 617 1021 407 22 5
598 655 846 854 295 17 5
191 142 1087 1100 199 4 5
583 580 584 24 160 3 5
7 18 544 102 24 5
436 10 34 291 2 5
436 300 305 344 12 5
434 430 931 938 433 3 5
434 430 873 886 61 3 5
434 430 115 121 453 13 5
191 430 496 507 318 6 5
378 45 580 584 24 160 4 5
354 775 1004 1019 49 5 5
212 450 682 690 62 4 5
1032 1030 595 602 59 364 1 3
451 812 302 315 184 4 5
191 142 562 575 672 138 4 5
354 812 302 315 184 7 5
354 812 302 317 155 19 5
262 264 284 306 5 5
727 698 1114 264 284 306 8 5
164 163 161 264 284 306 8 5
244 236 249 240 8 3
118 1038 1063 1081 448 3 5
805 35 1038 1063 1081 448 8 5
805 35 1038 873 886 61 2 5
238 901 913 75 7 5
238 932 941 18 6 5
191 430 932 941 18 20 5
238 586 1113 1132 262 2 5
238 1001 1014 191 4 5
235 536 548 138 229 1 5
235 242 12 1182 43 1 5
436 78 92 112 157 431 8 5
100 620 632 465 12 5
6 15 372 7 20 5
998 718 1056 968 461 12 5
117 412 1160 1185 799 78 6 5
102 412 1160 1185 799 78 9 5
326 847 621 636 204 7 5
538 49 397 407 21 12 5
36 230 461 473 339 10 5
36 230 932 941 18 7 5
354 812 841 1146 375 2 5
212 480 484 1066 1 23 5
141 1064 660 663 759 456 1 5
378 903 918 1116 69 12 5
872 165 189 153 2 6
872 265 1161 1187 607 94 12 6
872 874 890 85 19 6
100 952 963 264 4 5
853 439 435 438 357 14 5
378 45 580 846 854 295 2 5
787 780 50 74 173 299 27 4 3
665 563 579 890 85 3 5
1032 1030 595 605 290 10 3
1163 1155 1156 1169 182 9 5
546 535 544 102 12 4
354 775 776 76 21 5
353 366 180 200 7 5
351 681 901 913 75 22 5
293 266 292 534 420 3 1
244 236 411 421 475 8 3
244 236 411 420 115 3 3
239 697 711 895 707 198 5 5
55 46 60 477 7 5
6 5 14 507 318 15 5
7 20 422 325 4 5
101 781 875 894 245 7 5
351 681 1060 1069 799 78 10 5
301 117 412 1160 1185 799 78 1 5
212 1195 1162 1160 1185 799 78 3 5
141 1064 1060 1069 799 78 1 5
329 770 761 871 879 225 1 5
378 45 761 871 879 225 4 5
765 760 811 838 140 1 5
100 395 695 706 233 3 5
191 430 931 1115 1138 279 9 5
164 430 931 1115 1138 279 2 5
7 536 1115 1138 279 17 5
378 327 328 345 266 6 5
354 118 1038 873 886 61 3 5
354 118 376 782 794 330 5 5
326 237 254 234 33 4 5
116 237 254 234 33 19 5
238 586 585 589 857 368 3 5
191 755 757 1107 185 4 5
190 755 757 1107 185 1 5
141 1064 1060 1072 123 404 14 5
101 1061 1073 407 21 5 5
100 104 26 27 143 2 5
872 952 963 264 1 6
872 952 964 74 4 6
872 1140 580 846 854 295 3 6
727 728 744 282 15 5
100 79 1088 1106 130 6 5
598 499 522 397 7 5
598 595 605 290 9 5
598 945 76 87 150 3 5
546 535 542 511 470 6 4
355 176 1124 387 39 3
354 775 562 575 672 138 1 5
538 537 553 349 722 402 9 5
238 625 1063 1081 448 11 5
228 213 667 1063 1081 448 9 2
191 142 1063 1081 448 7 5
116 119 139 485 385 13 5
55 46 53 0 13 5
665 352 875 894 245 3 5
350 410 875 894 245 11 5
141 1064 1060 1070 1124 387 4 5
870 1005 1027 357 1116 69 22 5
141 1064 481 486 646 303 3 5
190 192 770 761 952 964 74 3 5
7 8 5 14 507 318 4 5
377 210 725 728 744 282 3 5
377 35 621 636 204 5 5
238 586 300 305 344 4 5
238 586 585 588 59 364 16 5
228 213 667 695 706 233 2 2
36 230 232 315 184 6 5
36 230 932 1088 1103 311 5 5
354 812 302 313 701 221 1 5
190 755 328 345 266 2 5
190 755 783 799 78 1 5
244 236 245 240 423 217 3 3
191 1195 1162 1160 1185 799 78 4 5
787 780 75 80 126 15 3
7 536 1115 1139 216 232 5 5
598 945 76 85 687 129 2 5
598 1087 1100 199 20 5
1163 1155 1156 1158 1160 1185 799 78 2 5
350 356 297 435 30 5
244 236 411 422 325 7 3
193 204 284 306 10 5
11 5 14 507 318 16 1
1163 754 730 753 90 7 5
1163 1155 8 5 14 507 318 5 5
1032 1030 875 894 245 9 3
583 929 905 875 894 245 1 5
998 1071 1060 1070 1124 387 3 5
190 977 993 1190 161 1 5
900 903 918 1116 69 16 5
238 586 300 307 59 364 15 5
354 373 379 183 188 1 5
449 437 448 1077 71 5 3
116 395 695 706 233 8 5
872 1140 580 584 24 380 206 1 6
377 805 1158 1160 1185 799 78 2 5
354 230 932 1088 1103 311 1 5
239 437 448 1077 71 11 5
164 163 1158 1160 1185 799 78 9 5
301 117 412 427 1194 591 414 6 5
329 349 722 402 12 5
101 109 707 198 3 5
870 1157 761 481 486 646 303 2 5
329 326 847 861 607 94 13 5
101 0 729 749 568 533 507 318 3 5
772 770 761 481 486 646 303 6 1
727 698 622 638 993 1190 161 2 5
727 698 716 28 416 5 5
390 708 1117 1110 1119 108 9 2
381 375 379 183 188 2 2
872 500 375 379 183 188 11 6
7 501 500 375 379 183 188 5 5
101 0 729 749 568 1138 279 13 5
598 102 112 157 431 9 5
1163 1155 1156 410 875 894 245 3 5
765 760 352 875 894 245 4 5
350 450 621 636 204 1 5
316 302 313 701 221 6 3
191 585 588 59 364 14 5
191 585 589 217 89 8 5
377 580 584 24 380 206 2 5
354 230 47 61 841 1146 375 12 5
350 450 585 589 217 89 4 5
1092 1086 1095 607 94 11 3
853 845 851 258 5 5
790 780 75 80 126 11 4
377 35 954 1115 1139 216 232 5 5
377 35 954 972 721 355 8 5
787 869 635 348 15 3
546 535 542 591 414 9 4
490 532 540 452 21 5
606 247 236 411 422 325 4 4
279 264 284 306 1 1
1163 1155 8 22 80 126 3 5
859 847 861 607 94 8 1
680 784 802 1138 279 11 5
790 762 760 352 875 894 245 4 4
790 762 760 352 875 899 98 2 4
772 723 700 499 522 397 2 1
765 566 560 1110 1119 108 5 5
712 336 442 955 326 4 5
680 304 321 836 447 19 5
680 1086 1095 607 94 6 5
772 723 700 499 1036 1043 551 424 2 1
598 102 412 427 1194 591 414 1 5
598 1156 410 875 899 98 9 5
998 979 775 461 473 339 5 5
998 979 775 461 470 1198 30 6 5
434 1149 1141 1148 254 14 5
354 118 1038 1053 1 1015 148 124 11 5
116 237 251 955 326 2 5
100 539 556 558 57 14 5
538 537 539 556 558 57 3 5
790 780 1142 1154 1170 136 16 4
164 430 902 119 139 485 385 3 5
212 480 484 1066 936 479 2 5
191 142 153 470 1198 30 8 5
228 472 559 156 3 2
1032 1030 302 313 701 221 1 3
978 977 993 1190 161 4 5
900 903 921 507 318 3 5
790 780 788 739 180 15 4
712 698 716 28 416 1 5
116 808 806 622 641 836 447 7 5
616 597 1088 1103 311 9 4
616 597 1088 1106 130 29 4
616 597 1088 1108 1043 551 424 2 4
606 247 742 518 434 2 4
598 102 412 427 551 424 8 5
191 1195 810 837 799 78 1 5
377 35 784 802 1138 279 17 5
377 805 35 8 22 80 126 1 5
377 805 35 784 802 1138 279 4 5
329 326 237 251 955 326 15 5
350 450 585 589 217 1133 283 329 7 5
279 264 278 244 8 1
853 845 624 646 303 1 5
853 845 851 946 17 1 5
772 723 700 697 711 895 707 198 2 1
765 309 300 307 59 364 7 5
712 698 622 641 836 447 2 5
538 49 397 409 649 468 4 5
434 1149 888 882 277 7 5
350 450 682 689 722 402 2 5
354 812 843 1025 575 672 138 1 5
212 930 935 1040 114 5 5
378 45 930 935 1040 114 1 5
164 977 993 1190 161 3 5
143 159 85 687 129 4 5
141 1064 660 663 759 34 291 4 5
101 1061 1075 1106 130 11 5
790 780 655 728 744 282 1 4
262 263 267 296 526 363 9 5
1092 645 623 644 58 1 3
998 718 1056 636 204 27 5
727 741 379 183 188 1 5
493 482 461 470 1198 30 1 1
493 482 875 899 98 6 1
377 805 1195 810 837 799 78 1 5
449 704 695 706 233 5 3
434 1102 1087 1100 199 5 5
355 350 450 682 689 722 402 3 3
377 580 846 855 438 357 3 5
100 620 632 1180 260 3 5
164 163 812 843 1025 575 672 138 2 5
1047 777 775 562 575 672 138 2 4
65 48 64 894 245 1 0
239 437 448 1077 514 383 9 5
164 430 437 448 1077 514 383 4 5
1047 777 775 461 470 1198 30 2 4
790 780 1142 1154 1170 514 383 2 4
1047 777 775 502 532 540 452 2 4
790 762 760 352 360 199 361 1 4
377 805 813 276 48 11 5
355 176 161 264 278 244 3 3
790 780 50 954 972 721 355 5 4
36 950 956 72 86 8 5
828 808 806 622 641 836 447 1 1
606 1136 1114 264 278 244 1 4
546 535 539 556 558 57 2 4
493 482 491 884 460 5 1
316 415 411 422 325 7 3
433 430 437 448 1077 514 383 1 2
65 48 66 408 63 1 0
190 755 328 347 1013 332 14 5
36 950 956 1171 275 15 5
598 848 867 514 383 1 5
598 945 947 511 470 14 5
434 1149 1141 1144 423 217 4 5
238 1001 1016 867 514 383 4 5
1032 1030 1003 1001 1016 867 514 383 2 3
354 118 1038 1053 1 632 1180 260 2 5
765 309 300 307 59 429 12 9 5
859 847 1159 1179 646 303 2 1
546 535 545 194 149 13 4
433 430 902 119 139 722 402 3 2
727 741 379 609 581 449 1 5
785 780 50 954 972 721 355 1 5
1047 777 775 461 469 1100 199 7 4
606 1136 1114 264 280 679 351 1 4
785 780 655 846 855 438 357 12 5
853 796 749 568 1138 577 300 4 5
466 835 810 837 799 78 7 3
355 1074 1061 1075 1106 130 7 3
390 377 805 813 276 48 6 2
853 845 848 867 514 383 5 5
329 326 237 251 955 759 34 291 9 5
238 237 251 955 759 34 291 3 5
785 780 655 5 14 507 216 232 2 5
853 845 755 328 347 1013 332 3 5
390 377 805 35 1038 1053 1 632 1180 260 3 2
493 482 875 897 955 759 34 291 2 1
390 377 580 1159 1179 646 303 1 2
1047 777 775 502 533 507 216 232 1 4
785 780 1142 784 802 1138 577 300 2 5
449 42 36 950 956 1171 275 1 3
546 768 761 767 357 1116 69 3 4
