1115

1198 80 38 1
1194 113 41 3
1179 268 28 3
1175 43 25 0
1141 345 95 4
1133 74 25 3
1120 287 49 3
1104 7 46 3
1088 64 68 4
1051 465 48 2
1049 255 60 4
1043 79 33 4
1007 128 104 4
956 59 18 1
953 257 56 3
848 139 29 2
814 316 70 4
754 171 75 4
753 339 50 3
729 285 37 1
720 70 39 4
706 439 47 4
663 328 48 3
618 222 30 3
607 254 33 2
563 34 16 0
491 292 35 1
475 342 60 3
468 442 32 2
465 205 42 3
456 114 25 0
423 475 35 3
422 415 20 0
368 104 37 3
342 399 43 2
315 103 66 4
312 58 21 0
269 317 46 2
233 63 73 4
222 376 20 2
197 149 27 2
193 410 45 1
169 208 28 3
140 423 17 0
134 359 62 4
116 45 89 4
104 409 37 3
35 451 36 1
19 468 64 4
5 223 68 4
0 4 62 2 4
145 149 416 8 4
706 279 430 25 4
663 793 134 2 3
618 699 363 28 3
355 358 313 24 4
315 1070 275 9 4
35 209 309 3 1
160 164 32 20 4
107 119 333 22 4
85 89 199 16 4
27 34 299 21 4
1148 777 787 60 18 4
362 1132 1143 235 12 4
160 1132 1143 235 7 4
1088 102 61 22 4
1061 1055 1062 76 29 4
86 1020 1045 219 17 4
833 998 1013 157 8 4
956 1187 269 11 1
355 1105 1112 351 3 4
204 1105 1112 351 2 4
2 879 897 151 2 4
355 717 726 3 3 4
15 717 726 3 22 4
720 747 435 38 4
135 645 657 306 11 4
62 645 657 306 17 4
393 648 673 259 1 4
122 733 747 435 2 4
375 379 226 1 4
355 916 929 355 11 4
350 352 452 28 4
285 287 135 18 4
204 224 378 22 4
201 210 25 19 4
706 279 195 82 2 4
178 196 463 25 4
27 961 972 0 1 4
165 166 279 20 4
55 830 836 28 9 4
136 144 273 22 4
135 141 95 11 4
107 698 713 144 11 4
104 979 371 37 3
85 93 65 22 4
651 596 608 364 4 4
766 484 514 256 16 4
136 765 767 388 19 4
271 646 662 125 6 4
202 1171 649 674 404 2 4
202 1171 1196 9 2 4
160 778 792 179 14 4
833 1105 1112 351 6 4
55 58 373 28 4
797 861 868 75 1 4
755 879 897 151 16 4
730 376 384 352 7 4
613 882 912 447 4 4
730 733 747 435 3 4
147 554 574 327 6 4
423 142 248 22 3
295 1167 960 967 18 20 4
362 369 387 26 4
362 370 162 19 4
55 595 599 240 6 4
15 595 599 240 14 4
350 526 533 251 19 4
325 879 897 151 10 4
295 231 261 232 4 4
355 916 930 290 112 3 4
271 232 264 312 15 4
145 612 625 302 37 4
270 273 886 346 45 4
145 861 868 75 34 4
145 861 867 230 15 4
95 861 867 230 8 4
170 1105 1112 351 1 4
995 416 432 379 3 4
160 416 432 379 23 4
225 226 244 117 1 4
178 192 425 32 4
165 167 478 14 4
147 155 377 12 4
146 830 836 28 9 4
145 150 53 31 4
116 656 19 14 4
96 103 330 20 4
95 101 238 5 4
64 83 115 19 4
29 44 432 20 4
27 34 305 340 9 4
2 440 444 172 24 4
160 61 70 304 3 4
755 955 957 214 14 4
362 921 952 393 5 4
862 874 751 161 5 4
136 832 849 298 13 4
766 825 828 83 6 4
350 825 828 83 6 4
755 715 717 726 3 5 4
120 715 717 726 3 1 4
393 648 672 40 243 26 4
525 529 549 117 121 23 4
265 558 592 167 6 4
225 775 779 263 3 4
1148 777 775 779 263 8 4
62 881 909 411 22 4
160 1132 1144 191 14 4
20 876 890 183 33 4
651 653 689 296 6 4
160 555 577 336 13 4
377 960 967 18 8 4
375 795 803 35 7 4
360 366 194 31 4
315 347 130 6 4
300 321 414 11 4
85 394 412 86 15 4
95 861 870 137 1 4
86 861 870 137 12 4
204 962 976 329 11 4
160 61 1105 1112 351 8 4
270 416 432 379 10 4
225 1109 1129 143 20 4
201 208 354 17 4
201 716 723 290 5 4
170 173 40 7 4
170 961 972 0 38 4
169 180 424 27 3
147 156 457 12 4
86 94 360 9 4
64 795 803 35 10 4
55 597 609 392 1 4
27 37 318 2 4
135 1131 1140 472 11 4
160 61 69 217 3 4
136 61 69 217 22 4
136 61 72 265 9 4
25 26 33 23 27 4
632 630 634 175 7 4
361 630 634 175 19 4
361 630 226 244 117 1 4
755 955 1021 1048 334 17 4
170 955 1021 1048 334 7 4
204 921 952 393 31 4
833 834 854 155 18 4
0 834 854 155 4 4
0 834 856 395 2 4
797 695 699 363 4 4
766 484 511 441 15 4
651 650 683 213 19 4
632 917 936 141 19 4
525 28 42 307 6 4
160 28 42 307 7 4
202 1016 1030 22 17 4
202 1016 1031 85 6 4
86 1020 1016 1031 85 2 4
62 60 66 178 14 4
355 227 245 41 22 4
350 484 511 441 7 4
350 484 512 267 12 4
350 825 829 453 4 4
326 1059 1080 249 2 4
271 488 523 168 18 4
265 267 245 41 3 4
265 558 588 365 12 4
147 917 936 141 3 4
146 830 840 204 25 4
62 881 906 5 21 4
613 882 881 906 5 20 4
1061 1055 1066 394 4 4
833 998 1014 253 6 4
121 998 1014 253 2 4
96 734 750 46 17 4
63 610 619 473 18 4
63 610 616 207 7 4
475 819 2 20 3
300 320 57 21 4
286 394 412 86 17 4
286 394 411 119 12 4
269 614 51 14 2
265 1108 963 981 579 331 10 4
201 1055 1066 394 14 4
165 168 460 1 4
160 161 477 7 4
121 131 284 22 4
116 106 226 244 117 22 4
107 106 226 244 117 1 4
86 417 434 212 17 4
63 79 129 1 4
525 529 481 501 176 2 4
350 529 481 501 176 1 4
29 45 189 105 19 4
20 461 474 228 39 4
15 16 147 13 4
632 1166 550 560 15 11 4
63 61 72 265 16 4
62 61 72 265 8 4
86 1020 1019 878 892 233 3 4
15 1020 1019 878 892 233 5 4
997 26 33 23 9 4
997 966 993 262 2 4
15 1020 1018 1036 270 4 4
146 145 150 53 12 4
862 298 310 374 15 4
797 915 924 20 3 4
651 650 682 159 9 4
525 462 597 609 392 11 4
136 765 415 425 462 13 4
393 177 190 216 20 4
362 1170 1190 120 6 4
360 366 837 200 1 4
350 529 547 154 33 4
613 882 880 901 367 2 4
325 1170 1190 120 6 4
325 1170 1191 84 3 4
295 231 258 369 4 4
202 232 264 312 8 4
136 230 227 245 41 1 4
270 611 881 906 5 5 4
107 698 714 30 23 4
350 529 481 500 288 3 4
350 825 481 500 288 5 4
178 955 1021 1048 334 11 4
0 3 449 7 4
1179 149 416 31 3
1148 1058 1078 461 5 4
1061 647 665 88 21 4
814 58 373 21 4
755 1167 1182 943 446 6 4
755 1167 1182 751 161 16 4
618 610 616 207 6 3
140 743 106 7 0
468 460 1021 1048 334 1 2
468 1138 320 6 2
423 191 156 7 3
393 557 581 337 9 4
160 1169 1186 244 6 4
300 323 406 7 4
285 289 903 258 22 4
285 290 112 13 4
233 432 379 12 4
202 756 762 398 30 4
201 1055 1063 301 5 4
136 1055 1063 301 10 4
706 279 615 130 56 11 4
121 1057 1075 454 21 4
120 123 94 15 4
107 106 117 121 15 4
95 98 66 9 4
29 44 386 116 9 4
25 200 206 382 6 4
5 1140 472 11 4
15 1020 1018 1033 315 1 4
146 145 151 380 16 4
862 179 198 402 25 4
286 327 338 169 11 4
270 416 227 245 41 2 4
135 416 227 245 41 5 4
55 442 451 420 9 4
20 1146 1158 450 44 4
755 1058 1078 461 9 4
730 376 385 182 15 4
730 731 741 133 6 4
355 647 665 88 18 4
62 645 659 308 12 4
361 654 690 71 37 4
632 875 878 892 233 1 4
613 882 878 892 233 9 4
632 875 883 47 4 4
20 175 183 170 8 4
120 715 717 175 183 170 8 4
525 419 437 206 1 4
135 143 40 243 4 4
120 765 415 425 462 8 4
120 765 415 427 136 6 4
393 390 396 413 27 4
375 1016 1031 85 14 4
375 1056 1067 408 17 4
360 595 599 240 11 4
55 1091 1098 370 8 4
355 60 66 178 9 4
355 176 480 496 459 5 4
355 358 33 23 18 4
350 825 827 281 7 4
285 443 457 181 2 4
86 861 865 97 4 4
270 1105 1110 44 4 4
1 299 443 457 181 1 4
202 220 520 372 2 4
136 230 256 429 10 4
170 418 419 437 206 21 4
170 482 505 245 19 4
165 231 258 369 5 4
27 231 258 369 11 4
107 482 505 245 8 4
120 825 827 281 10 4
107 825 827 281 16 4
136 144 1095 77 6 4
64 82 500 288 44 4
15 756 762 398 4 4
295 487 550 560 15 6 4
178 955 795 801 142 18 4
618 610 795 801 142 8 3
618 610 795 803 35 4 3
613 610 795 803 35 18 4
0 834 203 223 357 2 4
1133 678 362 45 3
1043 895 283 50 4
995 876 886 346 32 4
618 1175 43 2 3
563 551 566 289 903 258 2 0
563 606 50 2 0
375 1169 1186 244 23 4
325 328 343 271 3 4
300 324 188 7 4
202 612 627 54 3 4
202 612 626 29 5 4
233 432 1197 16 27 4
197 1151 322 34 2
178 195 82 9 4
170 171 1110 44 14 4
147 158 419 1 4
146 830 837 200 7 4
135 416 429 738 201 3 4
147 917 830 837 200 7 4
135 139 10 30 4
135 1131 1138 320 2 4
121 129 236 7 4
120 125 444 15 4
107 106 226 242 42 7 4
85 92 264 24 4
30 26 33 23 14 4
29 47 476 6 4
15 18 401 29 4
96 160 1169 1186 244 7 4
62 61 68 252 25 4
651 596 604 779 263 5 4
651 596 606 50 5 4
1148 777 775 781 69 3 4
997 1147 557 581 337 13 4
29 51 1144 191 14 4
361 630 636 185 5 4
491 1042 1014 253 1 1
165 1168 998 1014 253 14 4
0 1020 1018 1033 315 9 4
995 145 151 380 31 4
146 486 483 510 218 35 4
833 350 484 511 937 198 18 4
797 442 451 420 1 4
96 463 920 945 165 13 4
30 463 920 945 165 16 4
766 329 349 39 19 4
86 965 988 467 8 4
651 645 659 308 1 4
632 631 638 21 20 4
632 875 884 156 457 36 4
613 610 614 51 1 4
85 556 1056 1067 408 14 4
553 555 577 336 5 4
1104 1092 860 864 361 1 3
135 143 886 346 11 4
468 460 1021 1047 203 8 2
286 776 785 242 15 4
375 527 537 403 12 4
360 595 599 385 182 3 4
178 179 198 402 5 4
95 179 198 402 12 4
325 880 901 367 1 4
300 526 531 404 300 1 4
107 825 831 842 385 5 4
271 488 522 417 6 4
270 611 620 124 13 4
204 962 975 277 6 4
265 136 144 1095 77 8 4
265 558 593 192 8 4
122 732 966 993 262 1 4
225 611 620 124 9 4
315 299 443 457 181 7 4
95 698 714 30 9 4
55 56 1012 1074 421 21 4
85 556 551 566 289 903 258 10 4
25 28 40 243 5 4
15 442 451 420 3 4
25 955 795 803 35 1 4
862 229 876 886 346 2 4
362 875 884 156 457 2 4
15 442 454 890 183 9 4
15 756 762 1062 76 5 4
2 440 445 1029 428 5 4
833 1090 442 454 890 183 2 4
814 718 177 30 4
663 247 433 28 3
375 1016 1029 428 2 4
362 373 145 36 4
295 487 595 600 4 6 4
271 275 68 25 4
270 274 109 8 4
202 216 396 1 4
201 212 443 3 4
201 214 305 19 4
170 174 314 18 4
147 157 456 20 4
85 88 12 23 4
85 90 131 1 4
15 17 197 16 4
202 1171 1170 1191 84 3 4
122 1165 1170 1191 84 7 4
1148 228 247 433 14 4
1148 777 775 784 14 9 4
96 835 857 49 2 4
64 1130 1135 343 5 4
20 1130 1135 343 1 4
0 1020 1042 1014 253 3 4
204 996 1003 93 26 4
766 697 698 714 30 10 4
96 799 813 247 14 4
96 160 919 944 195 11 4
797 915 927 92 5 4
766 329 347 130 16 4
651 650 684 581 337 11 4
755 965 988 467 4 4
651 647 665 88 7 4
651 653 688 366 9 4
165 175 185 132 19 4
553 860 864 361 12 4
525 653 688 366 2 4
135 143 692 471 8 4
120 765 415 426 72 2 4
393 177 191 156 10 4
393 390 397 303 5 4
393 391 404 300 23 4
377 798 811 153 20 4
375 272 280 225 4 4
361 105 111 864 361 1 4
360 1091 1098 370 7 4
360 1091 1099 437 2 4
355 176 480 493 152 2 4
326 1059 1081 750 46 7 4
300 322 22 993 262 10 4
286 327 831 842 385 10 4
135 391 404 300 12 4
2 488 480 493 152 12 4
271 610 614 51 17 4
86 861 869 391 7 4
204 443 457 181 10 4
201 558 592 710 397 3 4
201 558 593 192 4 4
122 132 665 88 16 4
86 417 177 191 156 14 4
265 136 230 253 470 6 4
178 136 230 253 470 1 4
107 825 481 498 341 8 4
29 297 307 210 21 4
27 231 259 368 13 4
651 596 558 593 192 4 4
651 596 558 594 123 18 4
225 611 881 698 714 30 1 4
833 350 526 531 404 300 1 4
95 552 175 185 132 6 4
95 179 1055 1063 301 7 4
326 1022 1015 1023 545 8 3 4
1049 8 261 10 4
833 1090 442 454 901 367 7 4
563 747 435 5 0
361 85 90 131 2 4
147 85 90 131 2 4
86 85 90 131 8 4
375 378 1113 448 25 4
368 8 261 31 3
362 374 412 15 4
121 1147 1161 738 201 3 4
300 319 311 43 4
295 301 870 137 2 4
286 293 356 42 4
225 235 186 22 4
204 996 1002 217 89 14 4
201 211 98 5 4
134 990 278 24 4
107 118 13 7 4
95 97 980 239 326 12 4
95 99 38 10 4
5 116 850 286 30 4
2 11 146 34 4
96 596 604 287 135 1 4
362 835 857 49 4 4
1141 1132 1144 191 30 4
1133 1130 1135 343 7 3
0 1020 1019 1040 196 12 4
225 611 881 698 709 344 14 4
121 483 510 218 10 4
862 229 251 272 22 4
286 327 339 474 4 4
286 327 341 1 3 4
96 799 775 784 14 11 4
55 799 775 784 14 5 4
55 799 815 100 8 4
135 416 227 246 48 7 4
96 160 919 941 358 10 4
730 922 919 941 358 15 4
393 800 818 36 4 4
766 1106 1115 324 24 4
120 715 718 177 6 4
651 645 658 102 3 4
361 654 691 31 10 4
632 631 835 857 49 20 4
285 631 835 857 49 3 4
525 170 174 314 5 4
147 554 1056 1070 275 3 4
730 376 556 579 331 13 4
86 85 556 579 331 9 4
468 143 692 471 8 2
377 960 968 215 5 4
755 1167 960 968 215 2 4
122 329 347 130 3 4
326 1059 527 537 403 3 4
300 322 22 58 373 6 4
300 831 842 385 2 4
286 394 414 1103 260 7 4
285 176 480 493 152 21 4
285 612 626 29 35 4
271 646 649 678 362 5 4
270 861 869 391 15 4
286 776 962 975 277 2 4
265 1108 1126 349 5 4
204 15 17 197 3 4
225 611 881 907 73 10 4
833 350 529 545 8 8 4
651 350 529 545 8 4 4
55 481 498 341 20 4
86 85 556 551 562 229 5 4
64 85 556 551 562 229 4 4
30 463 478 289 2 4
29 390 397 303 1 4
96 160 1169 1189 138 8 4
62 61 71 598 325 1 4
95 179 199 635 118 4 4
295 487 595 175 185 132 3 4
107 482 481 498 341 2 4
165 825 481 498 341 5 4
730 376 825 828 857 49 1 4
730 376 825 481 498 341 3 4
651 350 825 481 498 341 5 4
0 1020 1015 1023 545 8 1 4
0 756 177 191 156 5 4
730 922 919 943 446 2 4
607 907 73 3 2
491 480 493 152 5 1
475 743 106 9 3
360 365 209 20 4
225 1109 1128 150 8 4
225 611 621 234 9 4
222 65 407 29 2
202 217 89 2 4
201 209 309 31 4
147 154 464 38 4
147 159 127 21 4
121 130 56 5 4
202 215 764 189 23 4
1148 596 604 287 135 1 4
1148 596 558 591 944 195 2 4
1148 596 558 591 807 241 16 4
1148 835 857 49 5 4
1088 102 570 895 283 6 4
1088 1060 60 66 178 15 4
0 1020 1041 708 266 8 4
613 996 1004 231 13 4
613 996 1002 217 89 23 4
135 697 708 266 10 4
96 160 697 708 266 8 4
525 462 964 987 294 3 4
995 1001 594 123 1 4
862 327 341 1 14 4
862 1145 1150 297 14 4
848 832 229 251 272 2 2
833 853 593 192 10 4
833 1090 1097 434 35 4
766 1106 775 783 469 9 4
797 695 700 26 4 4
797 800 818 36 10 4
325 393 800 796 1019 1040 196 1 4
755 650 684 581 337 7 4
755 965 989 220 20 4
753 734 750 46 17 3
730 731 736 108 29 4
64 85 87 390 34 4
285 654 691 31 5 4
525 170 172 90 17 4
525 170 652 686 386 5 4
525 462 461 470 187 20 4
468 460 467 126 14 2
361 105 111 239 326 23 4
325 334 1173 274 7 4
295 391 404 300 4 4
285 631 639 353 6 4
271 646 661 455 11 4
270 962 975 277 7 4
270 1105 1114 400 15 4
146 486 520 372 7 4
265 645 658 102 20 4
848 832 645 658 102 19 2
265 1108 1124 281 221 7 4
265 1108 1127 405 13 4
202 391 404 300 5 4
165 228 247 433 5 4
755 650 680 247 433 1 4
165 482 481 498 341 3 4
122 881 907 73 4 4
122 1165 1173 274 8 4
121 1108 1127 405 9 4
120 861 869 391 14 4
525 170 418 435 237 4 4
95 529 545 8 24 4
63 394 414 1103 260 12 4
178 136 230 255 1112 351 4 4
55 551 562 229 10 4
377 556 551 562 229 7 4
178 204 15 17 197 1 4
295 487 550 559 164 32 2 4
1148 61 71 598 325 7 4
265 20 1130 1135 343 1 4
30 463 920 945 669 350 5 4
2 1090 631 639 353 4 4
361 1147 1161 738 201 16 4
2 1090 631 228 247 433 5 4
0 834 830 839 389 15 4
1148 596 605 276 6 4
1120 1107 1123 11 17 3
0 1020 1041 33 23 2 4
613 996 1002 151 380 3 4
997 697 708 266 19 4
997 1018 1037 384 23 4
995 392 407 338 1 4
995 483 510 218 2 4
995 778 793 134 5 4
862 298 922 919 943 446 12 4
833 852 396 413 6 4
377 776 775 783 469 5 4
121 127 815 100 1 4
797 160 800 796 1019 1040 196 3 4
797 160 800 818 36 2 4
797 160 778 793 134 8 4
797 160 697 708 266 6 4
178 204 921 948 282 7 4
766 1146 1153 173 10 4
753 734 752 323 8 3
730 731 740 33 13 4
730 733 745 103 330 11 4
377 85 87 390 13 4
120 715 722 99 33 4
25 696 707 319 11 4
651 350 354 122 3 4
325 393 648 669 350 4 4
632 643 1186 244 7 4
607 596 605 276 16 2
265 20 1146 1153 173 5 4
0 596 605 276 16 4
121 1108 963 981 1068 140 6 4
377 556 580 239 21 4
1148 777 556 580 239 1 4
525 528 541 184 17 4
525 530 1113 448 2 4
2 1090 631 637 344 81 22 4
491 480 494 101 2 1
64 20 461 470 187 2 4
377 798 810 250 21 4
361 329 347 130 11 4
360 1091 177 191 156 16 4
360 107 106 226 238 67 5 4
355 916 931 164 7 4
326 179 199 635 118 18 4
325 333 358 33 23 2 4
325 441 447 87 14 4
62 350 354 122 2 4
62 350 526 535 96 3 4
1 350 526 535 96 7 4
295 487 595 175 183 412 86 10 4
1 350 484 480 494 101 3 4
265 486 520 372 6 4
122 133 714 30 10 4
122 732 731 740 33 13 4
122 1165 1174 191 156 12 4
95 418 435 237 9 4
63 733 745 103 330 11 4
63 230 255 1112 351 15 4
63 733 226 238 67 20 4
286 105 111 239 326 2 4
86 105 111 239 326 10 4
63 105 111 239 326 1 4
956 1187 1169 1189 138 1 1
25 955 390 397 303 10 4
797 160 227 246 48 8 4
30 463 920 946 436 4 4
315 299 316 16 147 12 4
165 1145 1152 541 184 19 4
27 231 262 621 234 5 4
0 756 761 211 20 4
1148 61 72 457 181 5 4
1061 55 528 541 184 6 4
375 632 643 1186 244 2 4
25 955 959 107 12 4
2 440 444 1087 42 307 3 4
797 915 925 445 1 4
265 1106 775 783 469 4 4
27 799 815 100 28 4
797 160 800 820 180 10 4
755 965 961 973 422 3 4
755 1167 1181 17 2 4
729 717 725 55 1 1
265 630 654 691 31 6 4
613 175 183 412 86 2 4
120 765 415 421 332 7 4
375 272 282 52 18 4
325 880 902 47 476 14 4
300 361 329 348 440 1 4
295 296 303 163 22 4
295 296 304 78 8 4
271 833 852 396 413 15 4
165 1145 1151 322 20 4
146 272 282 52 10 4
122 732 742 321 5 4
96 392 407 338 3 4
64 80 605 276 1 4
63 105 108 224 23 4
29 297 306 174 24 4
27 147 159 127 4 4
0 834 1015 1024 347 6 4
377 776 1015 1024 347 6 4
377 776 1015 1026 1127 405 2 4
0 776 1015 1026 1127 405 6 4
1 350 1015 1026 1127 405 1 4
265 630 654 693 1028 166 3 4
64 20 1130 1136 431 6 4
1104 1092 650 680 247 433 8 3
1088 1060 960 968 215 4 4
178 204 15 1106 775 783 469 2 4
613 882 878 892 223 357 4 4
553 860 653 688 366 11 4
525 462 597 631 637 344 81 7 4
271 285 631 637 344 81 1 4
27 147 917 830 839 389 1 4
202 232 264 1095 77 14 4
178 136 964 987 294 1 4
122 732 966 964 987 294 10 4
1 350 484 1146 1153 173 1 4
122 1131 329 347 130 1 4
122 1131 329 348 440 10 4
122 1165 1172 373 145 6 4
25 28 1056 1068 140 6 4
1179 1166 1169 1189 138 3 3
1061 55 551 565 479 12 4
1061 55 1145 1151 322 3 4
360 107 482 504 427 9 4
997 998 964 987 294 7 4
613 996 1145 1151 322 2 4
995 1001 594 710 397 30 4
1104 1092 955 959 107 10 3
360 107 105 108 224 13 4
862 298 310 1068 140 2 4
862 872 42 307 3 4
848 832 229 876 888 193 4 2
797 915 921 948 282 5 4
754 617 1069 280 40 4
553 552 568 160 15 4
651 648 669 350 1 4
613 175 183 412 870 137 1 4
553 556 580 239 4 4
465 460 467 126 3 3
613 765 415 421 332 8 4
377 389 1099 437 17 4
360 1091 1103 260 3 4
326 329 348 440 1 4
326 1090 631 637 344 81 2 4
326 1090 442 452 227 6 4
326 1090 1094 375 7 4
326 1090 1095 77 8 4
325 880 903 258 3 4
300 361 1147 1159 335 3 4
271 646 649 678 478 289 6 4
270 962 978 37 1 4
0 776 962 978 37 5 4
121 1108 1105 1113 448 1 4
121 128 354 122 26 4
95 529 546 426 7 4
651 654 693 1028 166 3 4
1061 55 1130 1136 431 1 4
1043 1020 1041 33 23 8 4
27 799 775 783 469 3 4
122 881 698 710 397 15 4
618 573 554 1056 1068 140 3 3
553 170 230 255 1112 351 2 4
121 1057 1075 712 628 580 239 3 4
1 965 961 973 422 8 4
325 328 654 693 1028 166 8 4
342 503 363 356 839 389 8 2
300 831 843 1037 384 13 4
265 966 964 987 294 2 4
178 136 1146 1153 173 1 4
25 200 1146 1153 173 25 4
121 1108 1124 79 129 9 4
1 1165 1172 373 145 7 4
1148 61 1105 1113 448 14 4
1179 1166 550 559 164 32 6 3
1148 835 858 293 11 4
613 165 1145 1151 322 4 4
997 1009 379 226 16 4
997 1010 258 369 11 4
995 483 507 896 815 100 2 4
325 121 1108 1124 79 129 3 4
997 62 1108 1124 79 129 1 4
797 915 920 946 436 12 4
797 695 876 885 110 11 4
753 6 619 473 6 3
613 175 184 246 9 4
422 415 421 332 5 0
326 329 346 381 15 4
225 237 66 178 1 4
146 272 281 221 4 4
63 733 226 239 326 1 4
29 835 858 293 1 4
1 350 1015 1028 166 20 4
269 1141 1132 1144 191 1 2
1120 1107 1122 991 291 24 3
1120 1107 1130 1136 431 6 3
553 170 20 1130 1136 431 6 4
1104 1092 650 681 190 2 3
1043 1020 1017 1032 289 903 258 8 4
1007 759 756 761 211 5 4
1007 759 756 764 189 7 4
797 160 962 978 37 7 4
797 160 697 698 710 397 1 4
797 160 697 698 711 24 5 4
553 160 697 698 711 24 1 4
295 487 484 1146 1153 173 2 4
553 160 28 1056 1068 140 8 4
553 170 961 973 422 2 4
27 147 554 1056 1068 140 6 4
325 328 825 419 438 1068 140 3 4
360 1091 1103 636 185 3 4
178 136 832 229 876 885 110 3 4
1 1165 1174 494 101 1 4
1 270 1105 1113 448 5 4
1 270 962 978 37 16 4
326 165 1145 1151 322 2 4
613 996 1131 1139 323 406 1 4
997 630 654 692 471 4 4
997 630 654 693 212 443 3 4
862 871 952 173 40 11 4
729 717 727 148 4 1
465 460 1106 775 783 469 2 3
140 135 798 810 250 1 0
30 265 966 964 987 294 3 4
30 55 1130 1136 431 4 4
295 487 484 480 492 111 2 4
295 487 595 176 480 492 111 1 4
27 1015 1028 166 3 4
5 116 106 112 683 213 3 4
1 1165 1170 1193 348 20 4
1194 1171 1195 818 36 2 3
326 165 1168 998 964 987 294 1 4
553 554 1056 1068 140 7 4
95 418 419 438 1068 140 2 4
325 376 825 419 438 1068 140 7 4
295 350 825 419 438 1068 140 9 4
295 350 1015 1028 166 11 4
326 179 1055 1063 742 321 2 4
326 1059 1055 1063 742 321 11 4
178 136 832 229 876 889 27 4 4
178 192 32 868 75 1 4
30 26 415 421 332 7 4
30 55 732 966 964 987 294 1 4
27 147 917 933 371 708 266 10 4
27 231 262 498 341 3 4
1 965 992 510 218 3 4
30 26 488 480 492 111 5 4
325 121 416 429 1048 334 4 4
326 165 482 504 427 17 4
1061 1089 849 298 20 4
997 630 654 693 275 68 2 4
1007 996 1131 1139 323 406 9 4
953 921 948 282 7 3
753 734 749 202 1 3
997 1018 1035 87 390 4 4
613 175 181 295 1 4
30 55 732 966 964 984 1129 143 6 4
5 116 106 226 239 326 12 4
1 1148 835 858 293 1 4
1194 1171 1170 1193 348 6 3
1194 1171 1170 698 711 24 18 3
553 170 418 419 438 1068 140 4 4
1104 1092 297 306 174 2 3
1088 1060 272 281 221 2 4
342 328 654 693 275 68 3 2
1043 1020 1017 1032 741 133 5 4
995 862 871 952 173 40 1 4
651 647 667 669 350 8 4
553 160 778 791 925 445 12 4
553 170 961 972 303 163 2 4
553 860 297 306 174 2 4
475 819 800 820 180 1 3
326 329 345 829 453 4 4
325 329 345 829 453 5 4
25 329 345 829 453 8 4
325 879 899 108 224 2 4
295 296 304 42 307 4 4
30 26 488 480 493 69 217 3 4
30 26 488 480 490 418 1 4
326 165 1168 1184 1068 140 1 4
30 26 415 1056 1068 140 7 4
30 0 776 962 978 37 7 4
325 441 778 791 925 445 15 4
797 915 876 889 27 6 4
720 715 722 99 5 4
706 696 707 319 14 4
956 532 319 764 189 11 1
2 14 1144 191 13 4
1 1165 1174 191 156 457 8 4
1088 1060 60 65 407 5 4
797 121 416 429 1048 334 9 4
326 165 630 654 693 275 68 1 4
995 862 871 340 208 354 6 4
720 715 1109 1128 150 13 4
706 279 615 671 648 669 350 3 4
553 170 176 186 466 3 4
423 142 135 798 810 250 2 3
465 460 955 959 107 3 3
315 299 317 803 35 5 4
269 1141 1132 557 581 337 2 2
202 391 402 98 66 2 4
104 979 963 981 1068 140 13 3
706 279 271 610 614 789 307 210 1 4
30 0 596 558 591 807 673 259 6 4
1051 1022 1054 91 21 2
997 1011 198 402 11 4
797 695 484 513 688 366 1 4
729 57 87 390 8 1
134 1050 943 446 13 4
30 265 480 490 418 1 4
797 695 484 480 490 418 1 4
29 46 535 96 10 4
1 270 1105 1111 1158 450 5 4
1061 165 630 654 693 275 68 12 4
1179 1166 550 881 906 708 266 4 3
465 460 955 795 802 158 8 3
814 799 775 783 469 2 4
706 279 615 671 648 670 458 4 4
295 350 825 612 628 580 275 68 1 4
797 121 1057 1075 712 628 580 275 68 1 4
706 279 271 646 649 678 267 245 41 2 4
553 170 176 480 490 418 14 4
553 170 418 435 658 102 1 4
553 552 175 181 295 10 4
169 165 630 654 693 275 68 3 3
475 819 800 796 1019 1039 310 2 3
423 142 135 798 812 383 5 3
465 460 461 470 187 1 3
465 460 463 920 946 436 2 3
295 302 389 1099 437 4 4
225 391 402 98 66 24 4
30 552 175 181 295 1 4
753 6 619 515 6 18 3
730 735 568 160 7 4
1061 997 1011 198 402 6 4
1061 997 62 350 825 612 628 580 275 68 4 4
1043 1020 1017 1032 289 496 459 6 4
465 460 955 556 551 565 479 11 3
953 921 952 173 40 5 3
663 647 667 669 350 17 3
465 729 57 87 390 14 3
368 362 835 858 293 18 3
360 1091 1102 968 215 1 4
312 298 392 407 338 4 0
269 1141 1132 557 587 438 10 2
465 729 717 175 181 295 2 3
134 1034 1018 1035 87 390 13 4
25 200 1091 1102 968 215 4 4
19 15 529 546 426 11 4
19 15 756 764 189 6 4
2 200 1091 1102 968 215 1 4
325 393 410 493 69 217 1 4
19 15 756 1146 1153 173 1 4
1049 1022 1054 91 7 4
754 734 749 202 10 4
995 862 873 79 129 8 4
720 715 876 889 27 3 4
423 415 1056 1068 140 2 3
368 362 371 708 266 1 3
269 1141 1132 394 414 1103 636 185 2 2
225 391 401 849 298 3 4
27 231 257 259 368 5 4
1 1165 1174 191 156 51 1144 191 2 4
325 441 778 794 154 464 3 4
19 15 756 963 981 1068 140 13 4
1061 997 1011 198 267 245 41 2 4
755 1058 391 401 849 298 3 4
222 202 391 401 849 298 6 2
1049 1022 1015 1028 166 7 4
465 460 955 556 580 275 68 7 3
953 110 105 108 224 1 3
706 279 271 646 661 1097 434 1 4
553 170 20 24 404 300 4 4
465 460 461 473 549 117 121 1 3
423 415 1056 1069 280 15 3
326 730 735 568 160 14 4
315 299 20 24 404 300 1 4
169 180 175 181 295 2 3
122 133 714 88 12 2 4
30 55 57 87 390 17 4
1104 464 460 461 473 549 117 121 1 3
1194 1171 1170 698 712 628 580 275 68 1 3
1061 121 1057 1075 712 628 580 275 68 1 4
1049 1022 1015 1025 1027 373 145 4 4
953 110 105 111 492 111 2 3
315 299 318 92 264 14 4
134 1034 1007 996 1131 1139 323 406 9 4
197 178 204 443 455 1129 143 2 2
30 55 528 538 643 1186 244 15 4
5 0 596 558 591 807 673 259 1 4
19 15 1106 775 784 253 470 3 4
19 15 1106 775 480 490 418 1 4
1194 1171 1170 698 710 474 228 1 3
956 955 556 580 275 68 2 1
956 955 556 1056 1069 280 3 1
1 1165 1174 191 156 51 1144 1186 244 2 4
814 799 816 316 16 147 1 4
169 165 482 481 502 262 498 341 10 3
1061 225 391 401 849 298 4 4
1179 1166 550 881 698 710 474 228 4 3
1104 464 460 550 881 698 710 474 228 3 3
233 225 391 401 849 298 5 4
368 362 371 708 275 68 3 3
325 879 898 1172 373 145 6 4
35 456 443 455 1129 143 5 1
25 329 345 149 416 10 4
720 715 876 886 925 445 15 4
1049 1022 1053 275 68 5 4
706 696 825 612 628 580 275 68 7 4
169 165 630 654 694 688 366 4 3
197 178 416 429 1048 334 4 2
19 15 529 545 251 272 3 4
953 110 105 108 565 479 4 3
1 270 1105 1111 1158 925 445 14 4
423 142 135 697 698 710 474 228 1 3
1049 1022 1015 1023 545 251 272 9 4
953 921 948 51 1144 1186 244 6 3
19 15 20 24 404 300 3 4
706 696 697 698 710 474 228 5 4
814 799 816 316 16 869 391 1 4
233 225 237 66 537 403 8 4
1194 1171 1168 1185 886 925 445 10 3
169 165 1168 1185 886 925 445 7 3
1104 464 460 135 697 698 710 474 228 3 3
134 122 133 714 88 12 4 4
19 15 756 1146 1154 513 688 366 1 4
19 15 756 761 736 108 8 4
1104 464 460 135 697 698 710 474 726 3 2 3
953 921 948 51 478 289 10 3
1104 464 460 550 560 884 156 51 478 289 2 3
197 178 192 1185 886 925 445 2 2
193 178 192 1185 886 925 445 5 1
995 862 871 340 469 761 736 108 3 4
1198 1171 1168 1185 886 925 445 4 1
1194 233 225 237 66 537 403 10 3
1104 464 460 461 470 1152 541 736 108 3 3
1198 1171 1168 1185 886 925 1112 351 7 1
