521

579 69 45 4
552 101 67 4
503 126 70 4
495 94 78 4
273 102 47 3
239 138 38 3
238 120 67 3
166 225 68 4
152 212 48 4
150 230 39 4
100 229 11 0
72 137 11 0
60 63 207 48 4
242 253 57 12 4
239 497 167 18 3
150 346 66 50 4
62 74 111 49 4
33 45 20 24 8
1 11 5 7 4
160 164 182 134 11 4
570 318 331 129 5 4
503 499 227 20 4
305 307 47 33 4
242 411 419 63 3 4
239 587 87 11 3
198 185 189 77 12 4
166 516 224 9 4
91 411 419 63 16 4
100 113 162 14 0
355 105 113 162 24 4
62 105 113 162 6 4
91 98 213 13 4
77 87 123 10 4
77 89 166 7 4
4 20 191 22 4
570 300 303 95 9 4
579 159 76 21 4
574 457 471 210 13 4
570 105 113 162 1 4
358 132 146 103 14 4
186 357 368 171 8 4
317 75 82 196 13 8
195 316 323 232 7 4
260 266 133 23 4
260 269 7 9 4
243 259 9 10 4
242 197 206 220 24 4
166 236 209 48 4
260 459 509 524 3 9 4
1 397 405 93 6 4
1 397 401 54 9 4
92 102 25 1 4
91 94 29 1 4
77 85 61 31 4
61 547 561 1 11 8
60 67 28 28 4
572 581 42 141 6 4
90 130 163 178 169 3 4
227 225 230 108 5 4
61 225 230 108 12 8
61 335 339 203 2 8
376 507 520 197 20 4
317 510 534 149 144 6 8
160 161 169 146 9 4
92 161 169 146 22 4
503 488 316 323 232 2 4
243 257 15 33 4
238 234 99 10 3
227 375 383 113 10 4
198 185 187 40 9 4
376 507 509 524 3 11 4
91 95 64 10 4
91 99 234 21 4
61 69 75 25 8
61 70 83 40 8
358 164 182 134 8 4
570 105 106 117 187 12 4
503 488 106 117 187 3 4
442 108 106 117 187 4 4
570 275 282 117 2 4
570 300 304 53 15 4
160 163 178 169 2 4
570 300 163 178 169 3 4
376 31 41 214 3 4
376 377 385 110 2 4
60 377 385 110 4 4
186 357 372 67 5 4
77 357 372 67 12 4
90 548 563 218 12 4
242 276 290 174 1 4
227 196 201 152 7 4
227 226 234 99 5 4
131 440 443 205 9 4
1 397 401 44 198 2 4
198 211 36 11 4
574 225 230 108 3 4
305 415 439 182 5 4
495 219 149 19 4
376 378 393 153 1 4
376 378 392 136 28 4
317 510 535 342 71 1 8
90 548 562 340 142 17 4
305 309 302 160 4 4
243 258 114 5 4
91 441 453 105 10 4
198 196 202 145 3 4
243 262 196 202 145 10 4
243 262 196 201 152 5 4
195 215 106 117 187 2 4
186 191 92 1 4
186 192 590 30 19 4
186 226 236 209 2 4
133 134 149 144 7 4
131 140 100 13 4
358 164 181 221 3 4
92 306 312 128 8 4
570 105 115 151 5 4
90 278 276 290 174 8 4
549 545 555 0 6 4
33 125 487 496 85 35 8
503 343 205 35 28 4
455 457 469 143 12 4
91 460 479 158 8 4
243 262 279 299 156 1 4
442 163 178 169 3 4
92 306 310 178 169 9 4
355 506 519 73 23 4
61 215 106 117 187 9 8
92 2 14 10 4 4
305 35 31 41 214 19 4
376 240 246 248 219 28 4
579 211 36 39 4
552 63 207 2 4
552 121 184 39 4
317 325 423 159 23 8
442 162 414 435 175 24 4
305 308 49 22 4
186 457 469 143 5 4
243 256 516 224 2 4
242 251 192 15 4
91 441 451 193 3 4
239 399 131 32 3
227 375 380 121 14 4
198 546 556 228 2 4
186 226 236 205 35 8 4
186 226 237 124 12 4
376 507 509 530 12 9 4
152 381 150 22 4
152 474 139 33 4
150 598 130 36 4
92 101 51 72 12 4
92 104 39 6 4
72 595 201 13 0
570 275 276 290 174 17 4
570 275 280 81 1 4
549 545 554 82 10 4
33 125 129 124 293 185 8 8
3 125 129 124 293 185 14 3
442 108 279 299 156 7 4
3 125 129 360 339 203 12 3
62 315 320 186 17 4
91 411 423 159 13 4
91 411 413 429 181 1 4
91 336 346 66 2 4
305 35 58 476 51 3 4
131 440 443 87 123 2 4
355 356 365 163 20 4
549 567 223 39 4
243 459 477 173 2 4
455 458 459 477 173 20 4
317 324 170 25 8
317 329 106 29 8
273 398 238 38 3
260 267 52 29 4
198 214 56 19 4
186 75 82 196 3 4
160 165 55 44 4
33 30 37 24 10 8
4 24 80 44 4
574 225 233 164 17 4
77 337 349 41 33 4
574 395 399 131 7 4
574 573 587 87 12 4
3 125 128 231 3 3
3 125 126 270 165 4 3
92 161 174 70 5 4
90 548 564 183 62 4 4
90 130 138 26 13 4
91 441 448 161 7 4
61 441 448 161 7 8
3 441 448 161 7 3
77 76 83 23 3 4
227 375 383 448 161 3 4
227 410 417 46 17 4
133 397 401 44 198 2 4
33 197 205 35 5 8
33 197 509 530 12 34 8
92 226 237 124 4 4
77 88 433 370 78 5 4
3 410 417 46 1 3
358 225 229 34 12 4
260 268 226 4 4
243 255 4 22 4
198 209 176 8 4
186 193 50 32 4
131 142 91 20 4
62 73 16 23 4
1 107 119 58 2 4
442 571 107 119 58 7 4
195 571 107 119 58 2 4
92 306 311 199 2 4
227 375 306 311 199 13 4
574 337 349 41 4 4
574 575 598 130 2 4
355 415 439 182 13 4
61 335 342 71 6 8
570 300 335 342 71 7 4
570 300 335 337 349 41 1 4
198 300 335 337 349 41 1 4
198 125 126 270 165 10 4
91 460 482 116 15 4
61 486 494 236 3 8
77 357 371 18 9 4
355 360 339 203 5 4
317 315 320 186 13 8
260 130 138 26 7 4
133 130 137 258 114 1 4
3 441 447 148 3 3
238 245 453 105 4 3
376 378 76 83 23 7 4
160 509 529 8 15 4
160 509 530 12 4 4
131 130 137 258 114 4 4
133 411 413 429 181 5 4
92 2 17 202 4 4
92 101 165 55 1 4
77 226 237 124 13 4
227 35 58 476 51 6 4
260 265 157 12 4
186 194 190 16 4
133 134 153 109 10 4
60 65 222 15 4
4 23 118 12 4
60 66 221 122 4 4
570 318 306 311 199 15 4
574 395 398 238 1 4
570 105 111 235 13 4
570 275 276 289 492 33 9 4
570 275 284 216 10 4
549 125 126 270 165 7 4
442 34 50 84 36 4
442 108 124 293 185 5 4
317 328 320 186 4 8
238 166 236 205 35 2 3
227 76 83 23 3 4
198 546 557 112 2 4
92 32 44 198 4 4
91 99 83 23 2 4
91 511 537 104 3 4
90 76 83 23 15 4
61 215 219 149 2 8
33 47 158 114 60 5 8
4 26 404 233 23 4
317 35 58 476 51 3 8
198 300 511 537 104 3 4
317 510 511 537 104 1 8
195 571 578 496 85 7 4
133 397 487 496 85 3 4
495 565 168 28 4
1 216 222 14 27 4
195 571 107 130 137 258 114 4 4
195 571 107 130 138 26 12 4
552 63 312 128 10 4
574 573 590 30 8 4
572 415 439 182 5 4
572 581 475 90 20 4
442 486 494 236 6 4
376 240 244 135 11 4
92 32 412 424 19 13 4
317 35 59 294 179 8 8
358 132 144 21 6 4
92 161 170 239 2 4
358 225 232 38 12 4
355 357 371 18 2 4
317 396 400 255 4 13 8
442 162 414 434 43 3 4
4 162 414 434 43 1 4
62 548 564 183 62 4 4
549 545 548 564 183 62 3 4
62 275 284 216 19 4
131 440 444 98 5 4
3 441 440 444 98 5 3
195 225 232 38 19 4
195 277 291 13 28 4
186 75 78 215 7 4
227 505 508 521 115 14 4
160 413 429 181 6 4
33 512 508 521 115 8 8
33 512 542 31 16 8
33 512 544 206 7 8
61 70 67 165 55 1 8
61 75 78 215 6 8
33 48 559 119 6 8
33 32 412 424 19 9 8
33 32 412 425 587 87 7 8
4 25 214 56 23 4
61 547 546 557 112 5 8
1 216 223 476 51 4 4
195 571 511 537 104 9 4
131 306 314 270 165 11 4
503 488 316 75 78 215 2 4
242 488 316 75 78 215 1 4
61 135 276 289 492 33 15 8
358 164 180 48 13 4
574 575 596 127 6 4
131 573 590 30 8 4
355 356 361 208 14 4
549 568 451 193 16 4
260 266 53 211 21 4
198 300 302 160 5 4
90 300 302 160 19 4
455 456 463 96 14 4
317 510 536 172 19 8
92 161 173 22 4 4
549 125 357 371 18 23 4
60 318 332 125 14 4
572 570 318 332 125 6 4
186 457 472 6 7 4
317 510 508 521 115 2 8
62 275 281 180 7 4
358 35 59 294 179 6 4
442 108 275 281 180 4 4
242 488 501 177 3 4
227 440 444 98 28 4
242 441 440 444 98 6 4
160 413 432 284 216 5 4
160 509 531 195 12 4
133 456 463 96 1 4
33 512 541 107 11 8
92 2 16 11 11 4
61 547 559 119 9 8
242 441 31 42 141 20 4
92 2 0 6 147 9 4
243 335 337 349 41 8 4
131 135 276 289 492 33 4 4
574 575 597 132 9 4
572 573 590 30 13 4
90 278 295 155 17 4
160 300 302 160 3 4
60 459 509 531 195 5 4
376 412 425 587 87 5 4
358 161 173 22 11 4
317 315 321 86 3 8
305 457 472 6 5 4
242 275 281 180 3 4
242 275 286 88 6 4
238 245 219 149 1 3
198 378 390 188 6 4
195 277 292 194 11 4
90 76 338 354 140 1 4
243 335 337 347 156 154 11 4
131 512 541 107 4 4
61 215 106 118 74 37 8
61 412 425 587 87 3 8
242 441 31 38 385 110 2 4
242 441 31 40 59 10 4
33 32 43 17 13 8
358 62 275 286 88 10 4
574 395 75 78 215 3 4
317 316 75 78 215 2 8
243 335 337 350 27 1 4
198 185 216 223 476 51 2 4
198 378 394 293 185 20 4
3 507 509 531 195 11 3
195 571 107 120 312 128 3 4
195 571 511 509 531 293 185 1 4
3 507 509 531 293 185 7 3
358 161 164 180 48 3 4
549 356 361 208 2 4
455 5 27 183 13 4
60 459 475 90 6 4
355 458 459 475 90 19 4
455 460 482 116 3 4
442 486 492 33 11 4
358 62 74 586 340 142 1 4
317 548 564 183 62 1 8
305 308 399 131 1 4
243 335 340 142 5 4
152 134 153 109 4 4
133 147 361 208 10 4
198 378 76 338 354 140 9 4
60 377 386 535 342 71 1 4
305 457 31 40 59 13 4
33 275 286 88 4 8
3 546 557 112 2 3
198 185 216 221 122 3 4
195 225 228 201 152 9 4
3 507 509 531 293 44 198 3 3
3 507 509 528 79 2 3
574 164 180 48 22 4
572 91 336 345 2 2 4
572 91 336 346 182 134 5 4
549 356 362 200 19 4
455 460 478 68 9 4
455 460 480 65 1 4
358 161 168 6 147 3 4
92 356 362 200 4 4
317 318 332 125 8 8
317 414 434 43 20 8
273 262 279 299 156 10 3
160 198 210 584 469 143 2 4
160 198 185 216 221 122 5 4
133 105 112 380 121 18 4
355 241 240 338 354 140 3 4
442 108 76 338 354 140 6 4
133 397 402 237 18 4
131 135 156 154 5 4
358 35 31 40 59 3 4
579 571 580 286 88 8 4
305 308 399 501 177 10 4
242 186 508 521 115 10 4
579 571 511 509 528 79 8 4
572 485 489 97 1 4
572 570 105 112 380 121 5 4
572 570 105 34 52 37 3 4
455 278 295 155 5 4
455 300 302 160 19 4
455 459 475 90 2 4
442 108 76 84 217 9 4
358 357 371 18 7 4
260 264 434 43 11 4
243 335 341 178 10 4
61 506 519 52 37 1 8
1 0 6 147 3 4
131 306 313 323 232 4 4
574 395 398 524 3 6 4
195 225 228 201 340 142 3 4
131 135 276 289 78 215 12 4
61 215 276 289 78 215 2 8
1 4 35 31 40 59 7 4
579 159 135 276 289 78 215 4 4
574 164 184 89 2 4
572 570 335 341 178 8 4
572 573 589 189 12 4
77 132 145 112 380 121 2 4
133 338 354 140 9 4
61 412 427 204 18 8
61 506 509 528 79 9 8
3 410 416 45 12 3
1 4 162 164 184 89 6 4
1 4 35 31 39 42 7 4
574 571 511 509 528 79 7 4
572 91 511 509 528 79 2 4
131 306 313 323 229 34 4 4
152 134 130 138 26 5 4
133 397 107 120 312 128 1 4
133 397 487 498 282 117 4 4
133 397 487 496 115 151 4 4
90 93 426 119 58 4 4
317 548 565 168 7 8
358 356 367 229 34 7 4
242 186 260 264 434 43 4 4
239 227 440 445 32 1 3
195 225 232 448 161 3 4
133 397 487 497 167 5 4
33 197 203 257 15 3 8
1 10 576 544 206 12 4
574 395 398 228 201 340 142 2 4
455 34 52 37 7 4
317 414 437 44 4 8
72 595 575 597 132 1 0
455 459 477 471 210 7 4
358 376 412 427 204 2 4
1 376 412 427 204 1 4
317 316 75 80 427 204 4 8
238 227 440 445 32 3 3
238 227 505 513 439 182 5 3
133 132 145 112 380 121 8 4
133 411 420 529 8 19 4
572 91 336 346 182 128 231 13 4
552 545 548 565 168 7 4
455 34 53 211 11 4
33 31 39 42 20 8
574 306 311 118 74 1 4
358 356 363 383 448 161 4 4
238 227 440 444 529 8 4 3
160 198 185 260 264 434 43 1 4
131 197 203 257 15 14 4
61 547 185 260 264 434 43 2 8
273 262 31 39 42 2 3
572 570 335 337 347 42 141 6 4
572 91 511 509 531 293 44 138 26 3 4
195 225 232 119 58 5 4
1 77 132 145 112 380 121 1 4
3 5 512 541 107 9 3
572 91 511 509 531 293 234 99 4 4
572 485 490 9 597 132 11 4
317 318 306 311 118 74 1 8
305 457 470 87 123 10 4
242 186 457 470 87 123 1 4
131 143 580 286 88 6 4
355 241 249 169 146 2 4
152 134 132 145 112 380 121 4 4
3 5 28 194 190 1 3
1 376 412 426 119 58 1 4
90 378 394 203 257 15 2 4
455 300 302 286 88 2 4
238 227 440 444 286 88 1 3
317 316 75 80 362 200 1 8
152 134 132 145 112 568 451 193 9 4
3 5 512 541 447 148 4 3
273 351 337 347 42 141 1 3
238 227 457 470 87 123 3 3
317 510 532 302 286 88 14 8
1 77 88 433 143 580 286 88 3 4
90 378 394 203 257 345 2 10 4
242 186 378 394 203 257 345 2 4 4
160 198 378 394 203 257 345 2 6 4
1 4 21 203 257 345 2 3 4
1 376 510 532 302 286 88 13 4
1 4 35 55 532 302 286 88 11 4
