988

1184 305 58 4
1109 146 110 4
1103 341 66 4
1070 160 46 4
1019 186 24 2
993 62 66 4
991 316 40 2
984 177 115 4
972 287 29 3
943 38 23 2
940 300 87 4
934 446 71 4
920 260 22 2
894 212 59 3
879 30 22 2
872 46 55 4
796 307 18 1
714 207 86 4
700 63 45 4
688 44 65 4
683 324 33 2
663 6 32 3
657 113 57 4
656 447 55 4
650 25 50 4
595 319 21 0
594 264 60 4
588 206 12 0
583 348 52 3
527 248 22 2
458 478 41 3
452 115 55 4
419 83 21 2
411 227 54 6
409 413 73 4
394 338 54 4
389 456 71 4
343 163 32 3
319 32 12 2
314 129 40 4
306 273 59 4
274 389 84 4
242 211 101 4
236 172 41 4
230 381 37 2
174 470 30 3
161 54 32 2
158 261 21 1
103 442 20 2
93 268 25 1
78 155 76 4
49 304 28 3
1184 727 197 15 4
752 761 353 14 4
714 430 78 39 4
688 77 356 45 4
663 74 252 28 3
536 547 282 26 4
389 966 86 16 4
295 299 198 34 4
248 264 326 24 4
175 184 267 13 4
78 651 385 33 4
49 371 334 19 3
36 42 5 23 4
3 19 47 14 4
470 465 476 16 20 8
940 473 294 22 4
879 617 95 24 2
879 967 205 12 2
526 395 401 232 1 4
515 667 681 124 15 4
683 1162 150 12 2
640 275 281 176 17 4
570 571 218 32 4
570 573 397 23 4
0 5 28 314 29 4
515 246 252 96 6 4
458 980 340 22 3
435 52 66 103 2 4
435 190 195 36 34 4
1080 228 244 364 6 8
382 393 682 299 5 4
333 277 292 87 11 4
314 1079 42 12 4
310 842 853 296 13 4
86 45 46 53 27 4
295 298 320 4 4
248 246 252 96 12 4
230 225 232 475 19 2
177 1117 1132 41 22 4
175 183 441 20 4
85 87 97 463 16 4
49 586 80 20 3
2 13 247 26 4
1 11 259 8 4
1080 212 224 60 9 8
835 497 508 440 15 8
435 497 508 440 10 4
496 278 293 241 18 4
526 466 481 18 5 4
448 498 514 383 19 4
2 1121 1149 410 6 4
226 249 269 274 2 4
1031 1186 802 818 323 7 4
1080 212 218 234 14 8
940 915 936 332 7 4
872 749 387 36 4
85 1094 806 833 136 1 4
1080 212 806 833 136 16 8
526 395 403 167 17 4
752 762 142 25 4
720 912 925 223 20 4
556 995 998 24 15 4
526 995 998 24 31 4
594 582 175 44 4
1002 557 108 121 215 1 6
577 670 691 368 7 4
536 547 676 476 16 1 4
535 698 712 376 3 4
380 1056 1063 291 6 4
526 955 983 165 1 4
1002 722 751 759 428 4 6
1002 557 565 17 7 6
1002 557 563 190 12 6
448 355 361 49 23 4
452 445 453 374 24 4
448 464 70 22 4
436 444 202 20 4
435 437 217 21 4
411 244 364 29 6
409 510 238 38 4
333 332 346 3 14 4
321 328 367 19 4
1080 1084 373 161 1 8
311 317 1072 357 7 4
311 318 297 15 4
248 1034 1047 479 12 4
227 237 292 29 4
158 129 125 138 158 17 1
226 1000 1004 310 20 4
382 952 966 86 2 4
86 107 915 936 332 20 4
1017 469 492 347 9 4
1017 1001 626 632 114 11 4
1017 1171 278 293 241 15 4
934 914 278 293 241 5 4
527 525 528 452 9 2
515 1016 1025 119 14 4
515 1016 1028 393 8 4
470 469 492 347 2 8
470 841 850 398 41 8
436 780 108 121 215 6 4
448 722 751 759 428 20 4
720 350 1121 1149 410 2 4
177 350 1121 1149 410 2 4
296 447 463 201 2 8
297 1016 1028 393 12 4
210 1016 1028 393 5 4
416 1151 1164 50 26 4
1184 1088 352 18 4
1002 557 569 351 14 6
920 112 64 23 2
835 806 833 136 6 8
669 555 626 632 114 1 4
656 673 349 24 4
175 108 121 215 12 4
536 247 259 28 19 4
752 191 134 169 200 9 4
535 543 128 14 4
515 751 759 428 4 4
435 52 68 187 9 4
435 611 619 48 17 4
435 611 617 95 2 4
389 649 258 8 4
650 642 649 258 11 4
382 332 346 3 10 4
382 1091 1099 361 1 4
310 842 854 123 1 4
296 45 46 53 14 8
295 300 145 20 4
274 928 15 41 4
174 1156 412 13 3
1017 1001 698 712 376 27 4
78 1004 310 16 4
36 41 262 3 4
177 950 132 166 279 17 4
177 950 132 164 102 17 4
1 771 777 430 17 4
1090 276 290 79 4 4
1090 1094 806 833 136 3 4
1090 1094 806 830 220 2 4
835 516 841 850 398 3 8
1017 1001 1006 280 5 4
835 468 131 162 365 4 8
835 468 487 229 9 8
248 696 418 427 37 8 4
835 516 524 395 3 8
835 695 701 154 23 8
835 721 728 312 7 8
835 880 893 193 7 8
835 1092 1100 418 10 8
210 1170 1173 472 27 4
934 914 278 294 45 1 4
321 176 278 294 45 11 4
311 627 55 79 250 14 4
321 176 129 125 138 158 5 4
556 781 788 290 1 4
297 356 364 104 9 4
526 331 345 58 4 4
526 910 918 386 2 4
470 415 108 121 215 9 8
452 445 454 377 7 4
452 445 455 191 5 4
570 359 127 151 98 8 4
1031 958 955 983 165 5 4
297 725 748 270 20 4
226 249 267 117 8 4
227 240 1084 373 161 19 4
177 805 828 373 2 4
36 611 617 95 15 4
86 107 915 938 203 11 4
35 107 915 938 203 3 4
835 51 60 983 165 23 8
1080 1030 1037 140 22 8
972 847 13 30 3
796 783 798 471 2 1
796 783 794 372 3 1
683 171 68 13 2
538 643 660 406 9 4
640 275 284 221 17 4
556 576 589 465 15 4
88 1185 1191 122 7 4
535 134 169 200 14 4
496 506 11 6 4
470 913 931 363 6 8
436 442 322 8 4
411 37 420 23 6
409 510 567 239 9 4
409 396 408 224 5 4
411 244 361 49 19 6
382 1091 917 947 178 7 4
1090 620 126 142 134 18 4
570 620 126 142 134 2 4
297 309 375 17 4
230 225 579 598 453 7 2
161 795 8 22 2
105 1032 130 125 139 12 14 4
88 698 712 376 1 4
86 96 61 33 4
36 40 419 11 4
470 465 472 89 9 8
1090 276 287 88 11 4
1017 1171 495 502 345 1 4
310 871 495 502 345 4 4
105 871 495 502 345 3 4
85 871 495 502 345 21 4
382 952 963 436 17 4
382 952 966 502 345 7 4
1090 1094 806 834 184 7 4
1080 4 22 298 25 8
1017 1001 1007 185 3 4
1017 1171 1182 225 2 4
1002 276 287 88 3 6
872 749 162 365 12 4
835 51 60 998 24 9 8
248 696 418 430 78 4 4
835 695 705 77 1 8
752 395 403 1137 109 1 4
720 278 294 45 21 4
720 610 612 1 7 4
311 627 55 76 308 7 4
311 627 55 80 329 2 4
105 783 794 372 6 4
640 883 802 818 323 1 4
0 5 31 521 259 28 7 4
526 466 1094 806 834 184 3 4
297 275 284 221 7 4
177 350 351 370 14 4
496 358 377 188 12 4
470 415 108 122 302 1 8
452 445 451 34 8 4
436 211 217 255 5 4
435 52 64 407 10 4
435 127 151 98 20 4
380 396 408 224 18 4
526 995 996 454 377 6 4
296 45 47 85 6 8
248 1034 1052 69 10 4
86 801 810 231 4 4
85 225 579 598 453 5 4
1080 228 1058 132 163 209 3 8
35 610 612 1 23 4
1031 870 212 222 435 25 4
1031 870 212 806 834 184 1 4
177 350 1121 1115 1123 65 5 4
36 611 359 127 151 98 3 4
1187 1198 1069 306 18 4
1103 334 222 21 4
333 1119 1136 20 21 4
1019 769 362 13 2
984 218 234 8 4
943 1110 57 33 2
934 433 390 30 4
796 1146 147 13 1
515 667 682 299 6 4
720 726 108 12 4
720 727 197 15 4
669 555 561 275 15 4
538 643 723 737 235 5 4
321 1152 1168 105 7 4
1031 1186 357 373 161 5 4
314 511 31 17 4
314 816 402 25 4
535 126 142 134 3 4
175 181 66 7 4
103 1053 159 18 2
86 95 237 8 4
1090 1093 1107 91 6 4
382 952 969 359 9 4
1002 1010 22 298 37 6
1002 1081 910 918 386 7 6
835 468 486 92 15 8
835 516 522 271 5 8
835 516 523 110 23 8
752 782 790 72 3 4
720 278 294 797 183 9 4
35 695 705 77 11 4
1080 228 55 80 329 2 8
321 176 186 473 24 4
321 176 187 476 4 4
436 575 582 175 14 4
1031 1186 575 582 175 8 4
556 193 207 214 15 4
1 193 207 214 4 4
535 126 144 321 1 4
448 620 126 144 321 14 4
527 525 641 130 125 139 12 2 2
311 627 636 384 1 4
36 627 636 384 3 4
496 358 955 983 165 7 4
470 415 108 118 169 7 8
35 107 108 118 169 2 4
448 722 730 240 8 4
382 320 324 7 21 4
177 381 388 180 13 4
310 50 57 97 19 4
310 192 204 328 1 4
310 721 728 312 1 4
296 45 48 327 6 8
296 355 361 49 14 8
248 696 708 396 5 4
296 842 854 123 1 8
248 246 257 354 22 4
248 246 252 75 360 13 4
226 844 866 168 41 4
105 246 252 75 360 2 4
36 611 618 126 11 4
85 92 1107 91 9 4
556 781 803 820 391 9 4
36 1150 800 803 820 391 6 4
3 1001 1007 185 21 4
0 721 728 312 30 4
35 107 915 937 944 460 266 5 4
752 1119 1136 20 10 4
1070 693 432 19 4
991 372 712 376 2 2
984 832 350 2 4
835 770 625 628 423 5 8
835 770 773 449 24 8
683 964 130 8 2
669 555 558 651 385 3 4
657 71 405 14 4
538 643 655 164 16 4
88 643 655 164 2 4
650 642 652 149 25 4
650 765 29 32 4
536 549 171 19 4
535 539 411 10 4
394 1098 286 23 4
380 383 75 44 4
333 347 373 161 8 4
1080 228 1058 1073 81 3 8
1080 228 1058 1071 276 5 8
2 13 819 195 36 12 4
1187 495 502 345 3 4
1090 106 110 301 25 4
1090 952 969 359 19 4
1080 1030 1038 173 17 8
1017 1057 1069 306 18 4
1031 870 875 73 1 4
1031 958 990 51 8 4
226 1000 1003 39 1 4
1017 1171 1177 90 11 4
1002 1010 22 37 420 1 6
1002 1081 1086 285 4 6
835 51 59 43 131 2 8
85 871 50 57 97 13 4
835 880 892 394 21 8
752 395 399 444 11 4
752 782 789 443 26 4
496 667 682 299 33 4
720 727 118 169 1 4
700 695 705 77 12 4
669 176 187 476 16 4
177 950 959 26 2 4
35 950 959 26 3 4
1031 1186 575 586 80 18 4
577 592 1164 50 12 4
538 581 606 342 4 4
536 51 59 43 131 10 4
380 1056 1066 125 16 4
526 466 1094 1113 170 13 4
515 627 636 384 8 4
515 751 755 40 24 4
515 751 757 428 182 8 4
448 498 511 31 4 4
380 885 908 216 6 4
538 995 996 454 377 18 4
311 1059 1078 195 5 4
177 350 1121 1145 133 6 4
310 782 789 443 7 4
296 330 339 107 14 8
1 751 757 428 182 7 4
227 126 144 321 6 4
226 884 905 378 7 4
210 1016 1028 258 457 1 4
175 581 606 342 18 4
86 801 811 371 1 4
35 803 820 391 7 4
436 780 880 892 394 8 4
2 228 55 77 356 9 4
2 228 241 762 142 18 4
2 228 1058 1071 276 3 4
85 871 4 22 37 420 1 4
1070 693 157 23 11 4
894 473 294 20 3
835 516 418 426 4 7 8
436 398 412 392 9 4
419 390 138 29 2
382 392 141 27 4
343 331 345 58 3 3
343 855 399 19 3
321 1152 1167 448 11 4
321 468 491 278 31 4
310 1058 1071 276 2 4
236 747 422 33 4
227 238 21 459 18 4
36 43 131 4 4
3 20 228 18 4
2 14 317 6 4
1090 106 111 318 15 4
1090 952 967 205 15 4
1080 845 868 94 14 8
311 1015 1020 174 1 4
1002 557 564 254 10 6
1002 1081 1085 226 4 6
835 1092 1102 181 3 8
85 871 4 25 767 400 1 4
752 395 1119 1136 20 11 4
720 278 294 597 22 2 4
496 667 678 469 6 4
669 176 185 477 11 4
105 783 797 183 12 4
640 883 902 155 192 11 4
640 883 802 805 828 373 2 4
85 871 575 586 80 5 4
720 912 575 586 80 2 4
577 670 692 14 11 4
295 53 69 196 2 4
556 781 786 416 17 4
1 193 205 110 301 6 4
1 193 208 121 24 4
536 51 61 439 4 4
297 356 625 628 423 3 4
536 247 258 457 7 4
536 557 564 254 7 4
535 134 170 325 16 4
535 1056 1066 125 25 4
515 770 773 449 11 4
527 525 770 773 449 2 2
526 525 770 773 449 1 4
526 525 641 882 898 244 18 4
177 350 498 511 31 11 4
452 984 832 350 25 4
382 320 418 426 4 5 4
311 1121 1145 133 28 4
297 725 744 142 134 16 4
296 696 708 396 4 8
1 751 758 451 11 4
1 751 759 439 55 4 4
248 1034 1051 263 9 4
295 300 817 21 10 4
226 580 601 76 31 4
175 51 61 439 10 4
175 106 111 318 7 4
105 191 134 170 325 7 4
105 191 198 330 28 4
36 611 614 46 53 4 4
86 417 782 791 156 4 4
86 417 782 789 443 6 4
85 225 229 269 11 4
36 1150 1158 424 4 4
0 721 729 162 6 4
1031 870 212 806 831 251 9 4
1002 1081 467 483 599 236 1 6
940 491 278 6 4
700 1026 199 24 4
720 912 575 582 928 15 3 4
583 832 350 28 3
88 1185 1190 245 10 4
535 540 165 460 2 4
535 516 519 309 8 4
535 1056 1062 339 13 4
527 215 189 22 2
640 357 373 161 12 4
306 142 134 12 4
226 249 268 432 333 3 4
210 213 343 2 4
35 37 420 6 4
1 771 779 148 26 4
470 465 471 284 13 8
1031 1000 1003 39 12 4
1031 1186 1196 253 7 4
1002 276 286 213 29 6
570 1120 1143 82 6 4
796 1146 290 79 8 1
752 395 1119 1137 109 15 4
688 354 1004 310 15 4
88 643 661 335 4 4
242 809 801 811 371 2 4
556 576 590 120 9 4
175 106 771 779 148 1 4
538 193 208 121 7 4
297 356 365 100 10 4
536 247 725 744 142 134 4 4
526 466 480 144 12 4
515 627 637 135 6 4
515 627 638 74 7 4
470 557 564 254 7 8
380 497 510 567 239 9 4
382 320 326 93 9 4
105 320 326 93 11 4
382 750 754 293 5 4
314 996 454 377 2 4
314 1079 25 767 400 4 4
296 447 462 462 28 8
296 303 1139 151 6 8
248 1034 1050 425 1 4
526 525 1116 1126 157 2 4
227 240 1038 173 4 4
210 357 373 161 10 4
1187 359 357 373 161 5 4
210 1056 1062 339 24 4
669 555 1056 1062 339 7 4
177 190 194 336 8 4
177 1186 1196 253 5 4
526 525 641 130 160 243 1 4
526 466 1094 1110 57 7 4
105 320 641 130 160 243 3 4
105 320 641 130 125 135 249 1 4
295 525 641 130 125 135 249 6 4
105 611 614 46 53 2 4
105 191 134 170 584 346 4 4
88 611 614 46 53 3 4
85 87 99 421 7 4
88 835 1092 1102 181 6 4
2 1171 1177 90 12 4
0 250 272 433 13 4
1187 245 250 272 433 11 4
295 525 611 614 46 53 14 4
526 466 725 744 142 134 1 4
496 350 498 511 31 8 4
36 395 1119 1137 109 10 4
296 696 418 426 4 1 8
85 225 579 599 236 10 4
1109 1136 20 1 4
993 684 415 28 4
993 1178 429 31 4
594 578 593 0 17 4
570 572 295 30 4
535 516 521 259 28 3 4
535 542 256 13 4
436 439 55 31 4
394 437 217 7 4
319 373 161 42 2
310 313 281 4 4
306 460 266 38 4
297 308 111 21 4
227 239 464 6 4
226 953 956 988 272 12 4
1031 958 951 961 84 1 4
1031 870 212 219 33 8 4
85 92 849 257 4 4
556 53 72 382 15 4
594 578 951 962 414 4 4
577 578 951 962 414 12 4
972 1072 1143 82 2 3
470 913 932 468 15 8
934 914 557 564 254 13 4
934 914 557 567 239 5 4
496 667 682 169 200 5 4
640 883 802 801 811 371 8 4
669 555 626 633 208 6 4
669 783 797 183 9 4
1187 245 397 410 466 2 4
570 1055 1060 289 24 4
538 356 365 100 19 4
538 356 369 59 16 4
496 358 955 981 116 4 4
448 722 731 230 3 4
436 780 784 355 16 4
416 723 736 56 5 4
296 724 917 948 417 29 8
389 381 803 820 391 2 4
380 1118 1134 71 4 4
333 348 969 359 2 4
310 1058 1071 902 155 192 12 4
296 330 338 43 6 8
296 751 759 439 55 8 8
296 1116 1126 157 9 8
295 780 784 355 9 4
227 1092 1102 181 17 4
175 581 609 106 2 4
86 417 782 792 19 11 4
85 225 233 166 9 4
36 1118 1134 71 15 4
35 132 165 460 7 4
310 1058 132 165 460 2 4
35 610 1094 1110 57 4 4
2 1171 1178 429 2 4
227 497 510 567 239 1 4
311 1121 1119 1137 109 6 4
296 330 340 336 936 332 2 8
174 615 404 983 165 10 3
470 465 475 155 192 5 8
1187 495 505 403 6 4
416 1151 1161 408 12 4
872 870 212 219 33 5 4
1080 1030 1036 438 1 8
311 1015 841 848 358 16 4
1017 1030 1036 438 23 4
227 958 992 10 18 4
310 226 953 956 988 272 1 4
920 911 921 461 4 2
720 667 682 169 200 3 4
640 883 802 815 9 1 4
88 883 802 815 9 2 4
669 555 558 1063 291 9 4
669 686 487 229 16 4
640 645 828 373 2 4
538 995 997 277 7 4
577 578 597 22 8 4
577 6 34 52 8 4
416 579 599 236 7 4
310 579 599 236 7 4
210 1170 1174 599 236 12 4
577 592 471 284 4 4
175 106 771 776 283 3 4
0 5 28 318 297 4 4
556 562 60 998 24 14 4
538 193 209 379 21 4
333 435 190 194 336 6 4
470 415 330 340 336 936 332 23 8
515 517 848 358 8 4
2 516 841 848 358 1 4
227 497 507 331 1 4
436 211 497 507 331 8 4
333 348 624 427 11 4
416 320 323 132 11 4
416 320 1185 53 72 382 21 4
416 320 1185 1190 245 4 4
310 358 955 981 116 9 4
314 996 455 191 11 4
311 1121 1148 76 308 2 4
311 1121 1119 1138 431 12 4
333 277 1121 1115 1124 311 9 4
310 192 193 209 379 8 4
296 447 460 266 3 8
1 447 460 266 15 4
296 1034 1050 425 8 8
210 211 497 507 331 4 4
295 525 770 775 219 11 4
248 753 764 101 3 4
105 246 253 2 8 4
88 86 1116 1126 157 9 4
88 86 417 782 792 19 9 4
36 1118 1135 458 13 4
35 1033 1046 242 6 4
3 468 491 278 14 4
3 1001 1005 474 11 4
2 516 521 259 28 13 4
1 10 511 31 3 4
85 871 50 783 797 183 3 4
470 415 557 567 239 2 8
470 415 557 568 303 5 8
174 134 170 584 346 5 3
88 835 516 521 259 28 3 4
1187 495 504 68 187 23 4
1187 1151 1161 408 4 4
1187 1151 1165 315 13 4
1080 537 551 112 25 8
1080 800 808 337 22 8
943 916 942 409 2 2
1080 845 1119 1138 431 1 8
1002 1012 72 382 32 6
448 620 951 962 414 6 4
35 107 915 939 426 4 2 4
872 870 53 69 196 13 4
720 667 677 366 20 4
683 668 684 415 1 2
657 643 723 736 56 4 4
640 995 997 277 8 4
210 578 597 22 33 4
577 397 410 466 9 4
577 579 599 236 20 4
577 670 771 776 283 8 4
577 1185 1190 245 3 4
536 546 829 936 332 4 4
496 350 771 776 283 1 4
496 497 507 331 8 4
496 497 509 404 6 4
448 620 624 427 6 4
416 1017 1030 1036 438 9 4
210 1170 1175 961 84 1 4
311 1153 1169 246 7 4
310 192 202 392 141 4 4
310 312 830 220 8 4
306 1024 631 194 15 4
296 1034 1048 426 18 8
333 435 190 1034 1049 99 6 4
210 128 156 450 6 4
177 1186 1193 432 333 1 4
175 954 977 388 3 4
88 86 417 424 467 20 4
88 995 997 277 1 4
3 18 876 1124 311 27 4
1187 359 127 155 192 7 4
1187 465 475 155 192 2 4
321 465 475 155 192 5 4
470 469 1118 1135 458 8 8
416 320 497 509 404 5 4
416 1017 1030 1037 634 137 9 4
333 435 497 509 404 2 4
333 435 955 981 116 9 4
310 192 193 190 1034 1048 426 6 4
295 211 497 509 404 3 4
296 751 759 837 961 84 2 8
35 107 108 124 445 1 4
310 192 1121 1115 1124 311 9 4
1080 845 869 776 283 21 8
1080 1119 1138 431 4 8
295 958 956 988 272 3 4
720 278 293 932 468 1 4
700 1075 1058 132 165 460 5 4
35 950 960 612 1 7 4
657 643 658 313 26 4
640 436 843 859 1060 289 8 4
640 436 440 1066 125 10 4
556 576 587 139 1 4
720 912 575 584 346 7 4
583 832 704 288 8 3
577 108 124 445 13 4
556 5 28 318 297 1 4
577 397 1033 1046 242 3 4
538 356 625 630 961 84 3 4
536 544 964 130 22 4
248 249 1121 1119 1138 431 2 4
311 316 198 330 2 4
0 447 576 587 139 11 4
227 126 147 152 5 4
470 570 1055 1060 289 6 8
496 350 844 864 401 10 4
227 1092 1101 344 1 4
175 581 607 210 5 4
88 537 551 112 9 4
88 698 711 127 9 4
35 1153 1169 246 16 4
1187 177 1186 1193 432 333 13 4
1187 177 1117 1131 135 249 8 4
161 130 125 135 249 3 2
470 515 753 764 101 12 8
295 525 611 359 357 374 454 9 4
669 555 1056 1065 798 471 3 4
310 192 193 620 624 427 7 4
35 610 620 624 427 8 4
389 381 803 825 118 17 4
380 1170 1175 961 84 3 4
333 435 1150 800 808 337 5 4
88 835 837 961 84 17 4
416 320 665 671 660 406 2 4
1109 1136 313 281 14 4
1103 1093 1107 91 14 4
1080 916 942 409 14 8
1002 1081 467 483 728 312 8 6
1002 1012 31 521 259 28 1 6
1187 177 525 611 359 357 374 454 6 4
669 176 611 359 357 374 454 7 4
940 293 932 468 3 4
894 881 36 1150 800 808 337 3 3
894 881 36 1118 1135 458 18 3
669 55 75 360 6 4
663 74 934 914 557 568 303 8 3
640 436 1153 1169 246 7 4
416 133 167 208 121 14 4
394 382 750 754 293 1 4
297 275 283 777 430 10 4
296 751 759 439 1149 410 8 8
3 468 489 204 17 4
650 642 212 219 33 7 4
470 515 753 767 400 22 8
872 870 915 939 426 4 4 4
640 870 915 939 426 4 8 4
333 435 955 980 340 5 4
296 133 167 208 121 20 8
296 696 418 428 182 7 8
296 696 418 432 333 2 8
175 581 608 584 346 9 4
175 954 975 748 270 15 4
88 176 611 616 597 22 4 4
3 538 356 625 630 961 84 3 4
1187 1199 392 141 3 4
1103 1093 1105 369 16 4
1070 1057 1069 306 1 4
991 372 357 374 454 12 2
663 513 1142 434 5 3
656 643 658 313 1 4
640 436 211 497 508 1052 69 11 4
588 576 587 139 3 0
577 6 33 779 148 3 4
556 562 506 11 13 4
470 913 916 942 409 9 8
394 382 1091 917 948 417 8 4
394 382 1091 276 286 213 3 4
796 1146 1121 1119 1138 431 3 1
343 331 1115 1124 311 15 3
88 954 975 748 270 5 4
85 90 729 162 1 4
389 381 803 820 776 283 5 4
380 396 408 1164 50 13 4
296 45 783 793 67 2 8
174 134 128 156 450 3 3
88 176 611 617 96 61 1 4
88 696 418 432 333 3 4
35 610 1094 1113 571 218 4 4
2 6 33 779 148 13 4
1019 1015 1021 507 331 9 2
1019 1015 841 848 358 4 2
700 695 701 909 14 317 6 4
161 795 783 793 67 1 2
669 950 960 612 1 16 4
583 575 584 346 8 3
105 1032 1041 524 395 6 4
1184 1172 212 219 33 13 4
1184 1172 212 220 437 7 4
991 958 956 988 272 5 2
333 435 127 149 27 3 4
470 570 954 975 748 270 1 8
343 331 1115 1119 1138 431 6 3
236 226 844 864 401 2 4
2 175 954 975 748 270 4 4
1019 1015 841 849 257 5 2
577 575 584 346 2 4
583 832 1042 777 430 4 3
536 549 1052 69 2 4
419 415 557 568 303 13 2
1184 1172 212 223 233 9 4
1031 1000 1003 1143 82 10 4
0 7 25 767 400 25 4
991 958 956 986 380 10 2
236 226 953 956 986 380 7 4
920 911 498 511 31 7 2
640 436 440 1051 263 2 4
470 515 275 283 777 430 2 8
458 446 626 633 208 3 3
656 643 190 1034 1048 426 4 4
656 643 190 1034 1049 99 5 4
394 382 537 551 112 8 4
389 381 803 819 195 36 6 4
380 885 909 14 317 5 4
242 860 844 864 401 7 4
236 226 1120 1143 82 3 4
333 435 955 978 794 372 9 4
972 847 840 1185 1190 245 13 3
657 71 53 72 382 13 4
394 437 323 132 3 4
236 226 953 951 961 84 6 4
394 382 835 837 961 84 1 4
595 578 597 1145 133 4 0
394 382 537 552 179 11 4
343 331 1115 1119 1139 151 2 3
333 348 969 808 337 2 4
656 643 723 55 75 360 6 4
174 1156 1150 800 808 337 11 3
972 847 732 722 731 230 4 3
879 871 50 783 793 67 4 2
1184 1172 1170 1175 961 84 2 4
380 396 407 767 400 1 4
700 1026 1016 1028 258 457 4 4
657 71 53 73 455 6 4
458 446 626 634 137 9 3
411 397 1033 1046 242 14 6
394 382 835 1170 1175 961 84 4 4
49 371 357 374 454 4 3
419 415 620 624 427 1 2
105 246 51 52 62 678 469 10 4
85 396 407 767 400 8 4
236 226 912 575 584 346 5 4
656 673 665 671 660 406 10 4
411 397 1034 1049 99 14 6
411 397 1034 1054 153 3 6
321 465 475 155 864 401 2 4
236 226 249 1121 1119 1139 151 3 4
103 1053 1034 1054 153 17 2
49 45 783 793 67 9 3
458 446 626 625 630 961 84 19 3
1184 1172 212 222 942 409 3 4
1070 1057 359 357 374 454 4 4
333 85 396 407 767 400 2 4
321 465 396 407 767 400 6 4
93 85 396 407 767 400 12 1
972 953 951 962 414 3 3
319 311 316 198 330 3 2
314 310 447 576 587 1062 339 3 4
242 228 55 75 360 14 4
236 226 249 1121 1115 1119 1139 151 2 4
1019 769 753 767 400 2 2
683 814 802 815 9 6 2
174 615 611 126 147 152 4 3
242 228 241 165 460 1 4
105 246 51 52 65 14 317 8 4
394 1098 1091 276 286 213 1 4
236 747 725 744 142 134 9 4
236 226 435 955 978 794 372 1 4
93 970 953 951 962 414 2 1
1070 1057 359 357 374 761 353 3 4
1070 1057 359 357 375 143 2 4
991 602 580 601 76 6 2
663 644 841 849 257 13 3
656 243 228 241 165 460 6 4
656 673 665 672 932 468 1 4
588 152 127 149 27 5 0
458 446 126 147 152 6 3
306 297 308 1105 369 1 4
35 320 641 52 65 14 317 10 4
496 350 51 52 65 14 317 1 4
93 970 953 957 989 265 1 1
1187 1151 1163 1136 313 281 1 4
394 1098 1091 276 289 35 1 4
236 226 249 1121 1115 1119 1138 925 223 4 4
314 310 192 193 205 110 142 134 8 4
663 644 841 851 608 584 346 3 3
411 397 54 695 701 909 14 317 1 6
1103 334 330 340 336 936 332 1 4
236 226 912 575 582 928 986 380 2 4
343 855 843 859 1060 289 9 3
683 814 802 817 21 1 2
663 644 1092 1101 344 1 3
103 1053 1034 1050 1164 50 1 2
103 88 696 418 432 333 8 2
103 88 696 418 430 208 121 2 2
103 88 883 901 151 98 1 2
419 390 382 835 1170 1175 961 84 2 2
103 88 883 6 33 779 148 1 2
1070 693 670 771 776 283 11 4
700 1026 1016 537 553 727 118 169 8 4
419 390 382 332 467 483 728 312 3 2
419 390 382 537 553 727 118 169 1 2
236 226 435 52 65 14 317 2 4
49 45 783 797 142 134 3 3
103 88 176 611 616 597 1145 133 5 2
920 911 912 575 582 928 986 380 2 2
920 112 106 665 672 932 468 11 2
314 310 447 576 587 1062 925 223 3 4
1103 334 330 956 986 380 7 4
588 152 127 155 864 401 3 0
1070 1057 359 127 155 864 401 20 4
296 724 742 734 408 1164 50 5 8
158 291 277 1121 1115 1119 1138 925 223 1 1
1019 769 753 767 1046 242 5 2
527 215 210 128 156 450 3 2
577 321 465 396 407 767 1046 242 2 4
683 1162 1151 1163 1136 313 281 1 2
527 215 210 128 156 788 290 4 2
103 88 883 904 797 142 134 1 2
656 243 39 36 1118 1135 458 2 4
230 1103 334 330 956 986 380 12 2
663 644 380 396 407 767 1046 242 10 3
