261

295 57 59
293 79 116
292 69 100
287 107 79
282 54 26
276 101 124
273 76 79
267 92 87
265 128 76
258 26 48
255 106 61
252 11 109
249 74 75
246 12 73
244 28 48
239 112 139
238 77 194
236 73 62
232 131 88
226 84 197
225 87 59
221 3 132
220 60 62
218 132 107
217 99 69
209 102 85
204 20 156
197 97 51
188 64 64
187 35 88
186 31 68
182 41 103
180 90 95
173 55 34
168 118 135
167 108 206
165 15 129
156 104 69
153 61 89
144 105 113
142 115 186
133 56 72
117 114 108
113 98 77
112 83 84
106 65 80
102 27 91
101 129 81
98 126 74
91 51 52
89 82 49
87 30 127
86 10 52
79 17 53
73 32 41
69 66 80
68 42 81
64 121 60
61 2 109
56 67 93
49 111 53
48 119 51
44 68 51
38 39 77
30 8 109
17 46 116
13 58 143
9 124 170
6 133 74
3 33 63
287 285 88 11
30 31 19 13
213 253 113 34
252 72 81 12
244 242 122 34
236 171 49 34
106 105 110 7
79 95 34 32
182 184 127 26
69 66 38 50
156 8 24 47
112 111 36 42
73 72 81 3
61 45 43 15
6 8 24 9
287 80 91 38
167 163 162 25 5
238 234 14 33
204 96 117 36
232 33 31 19 9
226 222 71 42
213 43 23 42
204 203 48 49
44 214 176 109 12
168 26 81 29 5
167 171 49 36
165 184 127 5
165 99 86 26
113 111 36 27
98 97 96 117 6
292 77 88 85 34
89 72 81 14
56 58 103 37
56 99 86 28
292 77 76 94 3
197 260 268 123 12
265 262 43 23 10
255 254 60 47 15
255 254 253 113 13
249 250 78 25
225 285 88 29
221 222 71 32
213 54 50 14
188 189 191 190 95 6
188 192 191 190 95 4
68 66 38 20
153 152 9 18
142 141 96 30
112 15 81 29 27
106 145 141 96 23
87 222 71 49
44 21 285 88 14
38 39 75 8
30 171 49 22
239 233 234 14 10
239 237 234 14 1
276 261 283 40 15
273 272 125 39
273 294 13 31
265 260 268 123 6
265 262 257 62 7
232 229 37 7
232 96 117 6
213 105 110 35
213 128 130 35
182 183 93 18
182 214 176 109 9
173 172 6 20
144 141 96 37
226 20 135 240 21 28
102 126 109 5 35
98 97 261 283 40 2
79 80 91 18
68 231 70 72 9
68 231 229 37 20
64 62 116 27
56 114 16 34
30 260 268 123 15
73 163 162 25 22
236 233 234 14 23
44 47 45 43 33
293 125 272 125 3
249 248 264 1 24
204 202 203 48 5
267 214 176 109 3
156 155 114 16 2
117 118 119 45 11
106 104 52 15
79 25 28 26 81 29 8
79 200 39 75 1
68 70 72 12
276 24 72 81 14
276 24 74 172 6 3
244 242 55 54 50 7
204 206 203 48 8
102 100 202 203 48 13
153 127 65 120 5
68 214 176 109 20
44 21 229 37 7
44 52 70 72 22
30 32 31 19 14
30 260 105 110 8
153 127 263 128 130 4
287 286 89 12
276 94 114 16 7
276 31 19 2
265 262 200 39 75 3
255 253 113 2
236 233 212 72 81 13
232 230 53 26
188 190 95 8
180 176 109 22
173 123 164 7 18
113 26 81 29 2
98 96 117 15
89 88 85 17
87 88 85 20
68 67 44 35
64 297 22 53 59 29
44 45 43 1
249 296 172 6 6
226 224 200 39 75 29
226 241 212 72 81 10
221 223 257 62 10
209 29 26 81 29 5
204 205 203 48 21
133 136 134 100 13
98 97 261 52 70 72 3
98 97 261 275 274 272 125 2
79 25 161 134 25
44 21 27 104 52 20
44 21 250 78 7
153 127 263 289 70 8
3 54 50 22
293 65 120 22
265 264 1 4
188 192 126 264 1 25
187 95 34 3
182 66 38 2
226 20 135 134 100 17
98 97 27 104 52 11
153 127 95 34 4
64 63 62 116 10
49 70 72 13
188 189 190 95 3
153 127 92 62 116 3
252 163 162 25 16
226 20 45 43 2
217 57 58 103 1
44 46 45 43 5
30 260 263 289 70 13
258 257 62 22
144 201 80 6
276 94 95 34 5
91 53 59 3
64 297 298 0 12
197 127 92 62 116 10
209 29 26 22 53 59 2
209 29 20 45 43 5
182 185 183 93 12
89 211 288 63 26
209 29 23 5 4 18 1
3 4 18 6
13 121 138 105 110 3
182 66 240 21 4
133 134 100 9
133 135 134 100 6
56 99 271 270 4 18
30 201 80 4
30 297 298 0 3
276 277 190 95 13
232 230 229 37 5
113 111 80 91 4
86 140 141 96 3
79 25 28 137 139 119 45 3
226 241 212 5 4 18 5
295 298 0 27
282 283 40 2
117 119 45 8
98 97 261 84 183 93 5
98 97 261 80 91 2
98 95 34 2
61 62 116 11
102 100 99 271 270 4 5
218 0 157 162 25 3
238 100 99 271 270 4 12
13 121 146 22 22
265 149 76 94 21
209 207 121 146 22 7
186 93 146 22 3
79 78 80 91 3
