640

798 56 83
794 201 48
788 202 87
784 108 64
780 242 91
776 241 101
775 282 114
773 101 168
769 21 74
767 179 110
766 286 28
761 170 59
760 321 80
759 106 75
757 135 87
754 54 202
751 28 80
748 31 61
739 174 58
736 42 131
735 256 110
728 34 60
720 152 37
717 137 78
715 80 32
710 19 190
707 154 115
700 83 122
697 161 41
687 350 80
686 164 157
685 200 89
684 227 62
675 49 97
665 38 131
664 197 82
661 240 150
660 221 110
658 147 75
649 211 52
647 163 55
643 124 30
642 355 76
637 346 112
636 331 51
632 118 140
631 265 113
630 15 92
627 146 76
622 299 123
621 96 65
620 316 166
618 173 135
608 222 113
605 43 53
604 278 96
601 243 25
594 190 48
593 22 79
588 261 74
586 138 51
580 99 94
579 66 139
575 271 43
561 75 146
560 354 74
544 27 68
542 92 101
532 234 74
519 156 152
513 5 83
512 327 125
506 102 89
504 100 106
503 213 97
502 72 123
495 295 17
492 292 110
483 264 102
481 267 44
476 71 95
473 238 35
472 46 75
470 328 75
465 254 154
449 260 165
447 219 176
444 308 101
442 29 105
440 323 48
436 188 84
434 283 71
430 333 66
424 233 142
417 274 82
414 30 50
408 207 49
404 134 122
403 342 78
401 36 84
389 76 72
388 294 65
380 252 154
378 192 112
375 40 113
366 78 85
349 258 163
346 313 72
343 112 46
342 195 28
338 64 96
337 217 149
336 85 123
326 312 104
320 303 76
316 47 109
312 131 142
307 306 25
306 119 53
304 104 108
303 10 61
302 340 131
298 12 37
294 291 69
293 223 52
287 67 167
273 237 54
269 17 124
259 25 87
258 20 179
253 121 118
250 194 74
248 98 116
245 262 115
240 84 95
239 133 104
238 127 61
232 224 169
224 45 99
218 344 56
210 289 103
206 126 98
204 132 75
200 82 100
195 7 122
191 319 70
183 9 149
178 266 132
171 302 62
152 117 73
151 230 128
149 155 22
147 69 75
143 171 88
142 359 77
141 185 82
139 93 42
138 8 60
135 247 102
131 184 77
130 334 130
128 215 176
127 310 118
126 109 129
121 329 275
120 60 64
117 79 93
116 153 30
113 120 119
112 281 67
108 305 132
105 246 155
100 44 114
99 89 56
98 341 41
95 332 74
91 187 82
88 318 94
83 129 94
82 239 78
81 26 59
66 130 40
58 297 160
55 145 55
53 13 44
52 186 97
51 199 120
45 322 226
44 107 139
42 122 57
37 65 27
32 339 87
23 356 60
20 11 66
19 273 101
16 216 245
14 275 244
11 345 89
8 14 73
338 345 32 43
773 592 229 31
769 46 325 11
294 295 347 18
760 85 1 10
720 721 304 16
717 716 290 1
575 577 150 22
691 344 125 31
685 207 86 14
116 115 183 40
621 619 16 20
605 416 298 4
601 600 351 31
542 547 113 30
513 511 280 35
513 515 24 35
473 477 35 26
447 85 1 44
424 425 162 5
401 399 182 24
380 228 218 30
128 125 62 40
269 721 304 19
204 205 48 46
206 40 198 47
183 185 165 12
171 97 220 33
147 144 103 7
143 144 103 18
127 732 59 18
42 40 198 43
45 43 157 48
23 796 226 44
117 789 90 15
642 786 789 90 3
37 345 32 38
775 774 253 41
665 557 205 16
320 104 73 29
715 716 290 21
710 319 276 34
691 703 74 45
294 584 287 11
259 256 151 18
643 644 3 40
232 634 231 43
620 623 349 23
608 607 18 6
594 597 196 14
560 662 136 23
512 364 50 24
503 56 259 32
473 475 69 324 14
465 462 178 30
444 231 206 18
715 713 439 353 1
113 713 439 353 15
440 34 35 269 20
326 327 2 6
735 743 747 251 10
238 249 94 24
240 159 55 37
210 299 169 29
206 205 48 50
113 713 185 165 22
143 479 747 251 20
139 625 158 39
126 364 50 10
58 56 259 13
51 384 69 324 12
45 40 198 21
775 611 521 97 19
287 611 521 97 16
586 554 211 315 14
380 379 659 149 13
105 104 73 34
710 368 81 30
707 708 6 17
253 252 228 33
649 650 52 24
636 634 231 6
618 77 781 244 5
575 553 570 568 53 23
560 558 142 11
512 511 280 40
506 369 191 28
502 376 128 17
495 494 159 25
481 482 39 8
408 242 4 6
269 387 338 21
366 368 81 30
343 323 293 9
337 339 0 47
316 488 210 3
306 309 255 11
253 309 255 42
238 540 235 10
232 230 148 21
232 231 206 10
195 197 317 30
120 119 114 13
113 740 743 747 251 5
99 97 220 9
82 625 158 32
58 243 88 46
775 777 774 253 18
544 545 202 309 19
366 690 521 97 33
183 279 280 41 39
183 279 277 280 41 8
44 41 43 157 14
42 41 43 157 11
506 359 353 439 353 9
788 787 786 789 90 17
788 345 32 2
287 778 781 244 4
769 295 347 4
759 557 205 19
621 755 57 42
691 626 624 268 8
687 689 144 26
686 638 37 48
665 484 208 18
664 256 151 18
661 29 357 32
642 241 51 30
483 482 39 2
473 276 143 5
440 34 592 229 25
375 376 128 45
417 416 298 38
544 545 543 548 547 113 8
338 339 0 4
336 96 166 36
349 347 314 318 352 5
307 308 87 31
424 640 260 264 308 87 27
337 456 425 162 11
248 249 94 14
206 207 86 23
476 468 469 311 10
147 145 250 6
141 146 225 31
143 144 146 225 1
143 479 399 182 9
131 350 361 330 8
130 482 39 47
127 124 189 13
120 344 125 41
504 578 50 175 12
32 30 111 17
11 18 730 139 26
11 17 18 730 139 10
121 674 268 333 320 21
126 364 704 703 74 2
715 714 682 348 31
544 545 459 549 709 177 1
575 553 741 755 57 1
586 554 462 178 10
519 517 521 97 2
430 324 323 293 22
337 340 482 39 1
240 103 68 33 6
183 184 420 326 12
366 690 184 420 326 10
171 4 582 343 13
113 740 450 460 61 11
100 4 582 343 10
380 7 4 582 343 25
42 41 43 40 198 10
45 455 459 683 251 168 2
45 455 459 549 709 177 3
476 474 475 69 324 13
476 742 741 755 57 9
11 17 15 102 115 19
788 789 90 1
788 786 789 90 25
720 719 558 142 19
135 290 292 203 20
691 584 287 46
81 80 270 32
658 638 37 32
117 115 183 8
620 619 16 28
593 597 196 7
23 22 141 22
440 439 353 28
436 376 128 10
430 431 358 34
424 426 425 162 13
388 387 338 4
389 347 314 318 352 7
312 311 68 1
304 431 358 23
287 747 251 2
258 74 202 309 2
470 72 74 202 309 8
245 582 343 21
238 235 315 318 352 12
336 96 662 136 1
206 203 207 86 3
204 469 311 10
143 146 225 8
131 132 63 33
128 124 189 43
127 324 323 293 7
108 107 288 14
636 635 101 248 7
470 72 101 248 8
476 742 559 558 142 2
95 96 662 136 2
232 265 268 333 320 13
346 692 709 177 3
664 744 597 196 30
636 741 755 57 7
636 541 540 235 12
631 680 678 337 2
586 554 39 110 12
105 554 39 110 7
404 172 173 263 5
337 340 522 116 11
183 182 184 420 326 7
183 182 185 165 6
183 78 76 74 202 309 1
151 163 243 88 7
684 60 84 85 1 13
42 41 477 35 23
23 164 220 180 21
784 654 140 25
720 778 781 244 4
769 46 484 208 2
766 765 285 18
751 571 232 16
736 104 73 20
697 695 335 35
658 657 172 6
642 241 566 91 7
642 115 183 4
627 75 74 202 309 4
627 75 488 210 4
621 623 349 4
519 518 181 9
447 448 77 10
436 656 655 277 11
751 352 358 421 420 326 3
378 377 307 2
346 515 24 12
304 305 39 110 24
303 305 39 110 2
293 296 176 15
232 662 136 22
717 713 185 165 10
794 792 132 63 16
126 771 214 30
121 182 185 165 6
588 590 101 248 16
58 613 35 269 17
55 526 204 33
52 634 231 16
16 464 462 178 4
798 795 448 77 2
767 527 526 204 22
710 711 709 177 8
691 356 350 361 330 1
618 610 350 361 330 3
95 310 488 210 4
544 545 543 547 113 2
532 458 597 196 3
337 456 458 597 196 2
513 514 515 24 9
346 548 547 113 14
245 591 592 229 1
99 71 350 361 330 5
99 97 682 348 12
83 84 85 1 4
81 217 276 143 9
618 610 263 267 268 333 320 4
91 71 350 361 330 26
53 393 395 220 180 16
767 295 347 3
759 478 679 678 337 7
759 265 268 333 320 3
754 755 57 10
717 577 150 6
19 659 149 24
660 252 228 19
660 80 270 8
627 75 344 125 2
594 596 95 20
588 538 105 3
128 409 249 1
380 377 307 45
294 296 176 5
293 125 62 4
23 554 592 229 5
248 460 61 18
195 185 165 16
147 146 225 18
143 145 250 18
126 124 189 1
113 114 58 29
142 606 114 58 11
66 64 65 193 5
88 261 409 249 9
717 2 569 54 160 5
636 635 209 301 10
636 741 764 272 9
424 358 421 420 326 1
424 358 154 251 168 20
560 550 488 210 12
502 313 80 270 8
476 742 439 353 14
449 745 67 65 193 19
388 745 67 65 193 1
336 358 154 251 168 7
151 163 162 169 251 168 12
151 163 680 678 337 3
151 163 209 301 18
618 610 679 678 337 9
320 168 242 4 25
320 168 214 220 180 4
687 134 550 488 210 11
248 278 279 277 280 41 11
91 71 552 583 220 180 7
45 455 451 484 208 25
776 333 320 12
710 709 177 3
700 698 361 330 6
691 706 70 12
664 552 583 220 180 1
642 644 3 11
618 77 625 158 9
618 610 263 267 369 191 9
620 422 420 326 21
593 596 95 12
588 587 209 38
434 435 167 25
98 607 18 12
293 295 347 8
273 274 257 10
476 742 57 203 207 86 3
135 368 81 8
51 50 175 9
88 261 276 143 21
91 71 77 625 158 6
66 65 193 2
55 54 160 17
42 629 625 158 7
37 38 212 10
798 797 795 448 77 4
710 539 541 540 235 11
710 319 752 314 5
707 28 425 162 28
697 696 695 335 17
675 670 266 609 274 257 9
575 553 571 232 7
483 480 469 311 12
378 379 659 149 12
337 340 482 771 214 7
113 740 743 771 214 3
250 554 592 229 3
108 73 242 4 16
91 71 291 292 203 1
88 71 291 292 203 19
88 319 752 314 8
23 796 795 448 77 3
23 164 167 233 336 12
519 517 516 518 181 6
248 278 277 280 41 2
51 384 383 1 583 220 180 5
58 613 374 379 659 149 2
45 455 453 496 123 4
664 552 566 91 26
660 659 149 1
647 646 296 9
622 623 349 30
465 22 141 12
444 445 443 167 233 336 3
303 539 541 540 235 2
204 207 86 11
130 132 63 6
120 50 175 3
105 743 771 214 3
105 311 68 35
798 533 534 245 40
780 778 781 244 8
728 290 292 203 8
401 402 399 182 8
320 454 68 33 10
206 779 781 244 10
519 517 521 522 116 7
51 49 772 771 214 3
700 730 139 13
408 409 249 8
316 318 352 3
316 315 318 352 17
298 297 300 4
298 607 18 4
100 101 248 2
100 615 571 232 4
98 623 349 3
717 2 29 357 9
691 356 0 10 284 5
380 7 4 5 54 160 5
147 146 678 337 1
506 359 353 251 168 3
506 359 617 525 524 624 268 1
506 359 617 525 297 300 6
707 28 26 29 357 3
346 692 722 279 20
19 6 68 33 7
238 235 6 68 33 2
476 742 57 203 205 48 7
45 455 693 729 236 1
707 28 29 357 2
700 698 362 23 2
636 693 729 236 3
338 227 228 218 6
238 235 496 123 26
691 694 693 729 236 22
113 740 463 462 178 11
45 455 459 538 105 4
691 692 722 279 1
717 714 692 722 279 2
23 164 160 227 228 218 9
287 611 614 656 655 277 16
769 46 48 38 212 4
14 166 226 228 218 4
42 629 625 624 268 1
113 740 86 48 38 212 4
151 163 680 681 678 337 4
476 474 475 69 68 33 4
503 175 227 228 218 7
506 359 617 614 656 655 277 1
326 328 327 2 6
691 698 362 23 12
675 670 266 609 607 18 2
632 614 656 654 140 2
388 745 69 68 33 6
