              2           3           5

24                        1
45                                    1
55                                    1
66                        1
95            1
100                                   1
108                                   1
109                       1
139                       1
197                                   1
214                       1
245                                   1
253           1
280                                   1
286                       1
299           1