              1           3           4           5

0                                                 1
15                                                1
20                                                1
62                                                1
80                                                1
89                                    1
118                                               1
122           1
123                       1
148                                               1
216                                               1
251                       1
256                                               1
265                                               1
