             2           3           4           5

34            1
45                                                1
51                                                1
75                                                1
92                                    1
159                                               1
173                       1
200                                               1
212                       1
221           1
228                                               1
246                                               1
255                       1
277           1
286                                               1
299                       1
