              1           3           5

0                                     1
7             1
11            1
18                        1
25                                    1
38                        1
56                        1
86                        1
108                       1
114           1
115           1
135                                   1
164                       1
170                                   1
176                       1
200                                   1
226                                   1
250                       1
263           1
286                       1
296           1