             1           2           3           4           5

46                                                            1
68                                                            1
70                        1
81                        1
92                                                            1
93                                                1
94                                    1
109           1
112                                                           1
134                       1
199           1
200                                                           1
201                                                           1
232                                   1
233                                                           1
261                                                           1
276                                                           1
