              2           3           5

1                                     1
25                        1
35                                    1
42                                    1
51                                    1
75                        1
118                       1
141                                   1
165                                   1
172           1
198                                   1
256                       1
270                                   1
293           1