              1           2           3           5

0                                                 1
1                                                 1
11                                    1
37                                                1
39                        1
54                                    1
62                        1
71            1
101                                               1
112                                   1
125                                               1
170                                               1
179                                               1
230                                               1
255                                               1
282                                   1