              1           2           3           5

22                                                1
35                        1
47                                    1
80                                    1
110                       1
112                                   1
120                       1
123           1
124                                   1
133                                   1
160                                               1
168                                               1
188                                               1
207                                               1
209                                   1
232           1
246                       1
253                                               1
285                                               1