              1           2           3           4           5

4                                     1
17            1
26                                                            1
31                                                1
47                                    1
55                                    1
87                                    1
110                                                           1
160                                                           1
177                                   1
179                                   1
181                                                           1
219                       1
232                                   1
245                                                           1
266                                   1
273           1
276                                   1