              1           2           3           4           5

30                                                            1
45                                                            1
78            1
82                                                1
97                                                            1
116                                                           1
130                       1
131           1
135                                                           1
165                                                           1
185                                                           1
196                       1
205                                                           1
240                                   1
273                                                           1
286                       1